400085 [1,-1,1,-649578,-201346708] 1 [0] 49.2303998971 0 0 U
401850 [1,-1,1,-381123005,2881089589497] 1 [0] 44.9037749616 0 0 U
404496 [0,0,0,-216616035,-1227111824158] 1 [0] 63.5345119625 0 0 U
406175 [0,1,1,-18699583,-31130276256] 1 [0] 104.01334306 0 0 U
406175 [0,-1,1,-747983,-248743017] 1 [0] 32.4812833691 0 0 U
407288 [0,0,0,-5822915,-5401722466] 1 [0] 66.2343930126 0 0 U
408040 [0,-1,0,-9959576,13361592076] 1 [0] 17.335697271 0 0 U
408200 [0,1,0,-186836208,-983030960912] 1 [0] 65.4242980929 0 0 U
410700 [0,-1,0,23692827,25737296337] 1 [0] 62.6520242872 0 0 U
410958 [1,-1,0,-34158987,-70460350011] 1 [0] 51.2609913098 0 0 U
411110 [1,1,0,-5876497,-5485545799] 1 [0] 47.5238641791 0 0 U
413149 [1,1,0,-6764598,-6774728189] 1 [0] 148.013530557 0 0 U
414050 [1,-1,0,-1474056817,18470773453341] 1 [0] 37.4997001976 0 0 U
414873 [1,-1,0,-6637968,-6580992015] 1 [0] 325.621155746 0 0 U
416416 [0,-1,0,-1083853,-433952091] 1 [0] 26.8882519046 0 0 U
419033 [1,-1,0,-2235356,-1285817781] 1 [0] 131.066142329 0 0 U
419033 [1,-1,0,-140191,-19919088] 1 [0] 131.066142329 0 0 U
419247 [1,-1,1,-4895249,-4167568402] 1 [0] 58.9652805571 0 0 U
420672 [0,-1,0,-6388977,-6213573135] 1 [0] 80.3164418892 0 0 U
420672 [0,-1,0,-6388957,-6213614003] 1 [0] 321.265767557 0 0 U
421056 [0,0,0,-363792396,-2670721111024] 1 [0] 217.936619914 0 0 U
421056 [0,0,0,-22489356,-42683542000] 1 [0] 54.4841549784 0 0 U
423405 [1,-1,1,-2637264488,-54579245673108] 1 [0] 222.311999267 0 0 U
424128 [0,-1,0,-26440257,-52315825215] 1 [0] 231.185533382 0 0 U
424128 [0,1,0,-4571157,-3746288589] 1 [0] 39.5887554302 0 0 U
425964 [0,1,0,-36351532,-84371267596] 1 [0] 82.8412892406 0 0 U
427119 [1,0,1,-240993152,-1439969234515] 1 [0] 128.066823892 0 0 U
427128 [0,-1,0,-8109043,-8885196920] 1 [0] 72.6932167687 0 0 U
428456 [0,0,0,-2905420,1906169412] 1 [0] 9.23664725795 0 0 U
431592 [0,1,0,-48624,3226674912] 1 [0] 155.250775867 0 0 U
432450 [1,-1,1,-301638380,-2017327238503] 1 [0] 87.555271879 0 0 U
432474 [1,0,1,-712976,-231610018] 1 [0] 78.7597515253 0 0 U
432939 [1,1,0,-95049,-11314350] 1 [0] 33.1720062828 0 0 U
434264 [0,0,0,-28772492,59403814132] 1 [0] 5.30933579876 0 0 U
436464 [0,0,0,-7988259,-8690107102] 1 [0] 23.6382028584 0 0 U
439488 [0,0,0,-47904156,127616815440] 1 [0] 21.9152828758 0 0 U
439569 [1,-1,1,-239134694,-1376341326772] 1 [0] 76.5016790778 0 0 U
439569 [1,-1,1,-236936849,-1403712409264] 1 [0] 76.5016790778 0 0 U
439922 [1,0,0,-600608093,-5665506158159] 1 [0] 28.2884774152 0 0 U
440896 [0,1,0,-91853,-13414669] 1 [0] 17.7735827197 0 0 U
441062 [1,-1,1,-146191,-21918339] 1 [0] 161.090639596 0 0 U
441062 [1,-1,1,-147021,-21661039] 1 [0] 161.090639596 0 0 U
441062 [1,-1,1,-2352331,-1388071115] 1 [0] 644.362558384 0 0 U
441864 [0,0,0,-402981051,-3113687702090] 1 [0] 213.099242313 0 0 U
441864 [0,0,0,-22718091,-58565201114] 1 [0] 53.2748105783 0 0 U
442176 [0,-1,0,-48947873,-131793833919] 1 [0] 60.9107065421 0 0 U
442320 [0,-1,0,-4007285,3088953405] 1 [0] 27.5783977515 0 0 U
443054 [1,-1,1,-555990,159707885] 1 [0] 16.5328041137 0 0 U
443115 [1,-1,0,-249255,-47835360] 1 [0] 116.136927721 0 0 U
443275 [1,-1,0,-47700017,-126790020484] 1 [0] 64.7627914416 0 0 U
444038 [1,1,0,-9472460,-11225224744] 1 [0] 185.058643398 0 0 U
447146 [1,1,1,-2679988077,-53231254218683] 1 [0] 93.9603208081 0 0 U
449600 [0,0,0,-38386700,-91541674000] 1 [0] 63.1265583713 0 0 U
450555 [1,0,1,-235747699,-1473457444609] 1 [0] 41.4225944195 0 0 U
451070 [1,1,0,-788928,-270043408] 1 [0] 43.6526821598 0 0 U
452965 [0,1,1,-68985681,-220422006575] 1 [0] 77.2089173685 0 0 U
457776 [0,0,0,44777949,-775370750686] 1 [0] 139.109233739 0 0 U
458654 [1,0,1,-209146907,-1164215332058] 1 [0] 287.056258498 0 0 U
458654 [1,0,1,-1605972,-2816259798] 1 [0] 287.056258498 0 0 U
458913 [1,0,1,-4981679,-3852497497] 1 [0] 48.3947338525 0 0 U
460416 [0,1,0,-3198,-70686] 1 [0] 64.5441470925 0 0 U
461286 [1,-1,0,-22386933,-42185603601] 1 [0] 42.3122573385 0 0 U
461286 [1,-1,0,-361648233,-2647054004589] 1 [0] 169.249029354 0 0 U
465366 [1,0,1,-8689013,11245429754] 1 [0] 6.07931656529 0 0 U
465616 [0,-1,0,-8316312,9233677552] 1 [0] 9.93137338446 0 0 U
466818 [1,1,0,-36515624,-84946209960] 1 [0] 177.358466086 0 0 U
467602 [1,-1,0,-1395346,-653036100] 1 [0] 93.7238142105 0 0 U
467808 [0,1,0,-576344,182306460] 1 [0] 137.298611898 0 0 U
468075 [1,1,0,-21066625,37188775000] 1 [0] 51.5059867543 0 0 U
468075 [1,1,0,-17166000,51390950625] 1 [0] 51.5059867543 0 0 U
468075 [1,1,0,-12485250,-16985445375] 1 [0] 206.023947017 0 0 U
468450 [1,-1,0,-5929242,-5555600884] 1 [0] 140.35305496 0 0 U
473726 [1,-1,1,-436605,-110931169] 1 [0] 131.098203575 0 0 U
474281 [1,-1,1,-723079,236836830] 1 [0] 106.10089322 0 0 U
474672 [0,1,0,-287424,-73936860] 1 [0] 166.703079897 0 0 U
474672 [0,1,0,-306559,-65433280] 1 [0] 166.703079897 0 0 U
475052 [0,1,0,-44013,-3579649] 1 [0] 27.8698664804 0 0 U
477530 [1,-1,1,-2711212,-1697455131] 1 [0] 203.445029207 0 0 U
478192 [0,-1,0,-49490613,-133955504131] 1 [0] 102.105324295 0 0 U
479958 [1,1,1,-3569782,-2597523109] 1 [0] 71.1116462273 0 0 U
480766 [1,0,0,-46950365,-123858348277] 1 [0] 238.493203712 0 0 U
482664 [0,-1,0,-14477272,-21191054132] 1 [0] 104.933425251 0 0 U
483860 [0,1,0,-1008041,-389888180] 1 [0] 272.200579825 0 0 U
484416 [0,0,0,-29559468,-62682071344] 1 [0] 57.8979644647 0 0 U
485280 [0,0,0,-1334523,-642301778] 1 [0] 45.1142095004 0 0 U
485985 [1,0,0,-29250675,10530601380] 1 [0] 83.3680335086 0 0 U
486075 [1,1,0,-256750,-61371875] 1 [0] 38.9600561697 0 0 U
487162 [1,-1,1,1334,-327869] 1 [0] 157.66734602 0 0 U
487340 [0,0,0,-10152848207,-393758510301994] 1 [0] 42.3458936039 0 0 U
487816 [0,-1,0,-20328,-1108804] 1 [0] 118.114928861 0 0 U
487872 [0,0,0,-9057576,-10492187816] 1 [0] 79.2136603057 0 0 U
488410 [1,-1,0,-249415724,-1502599809840] 1 [0] 65.1876040554 0 0 U
488766 [1,1,1,-83097301,-291634129165] 1 [0] 63.2740749662 0 0 U
488880 [0,0,0,-1497243,-503661958] 1 [0] 29.4179119341 0 0 U
489762 [1,-1,1,-279649571,-2626073159745] 1 [0] 79.141101978 0 0 U
490960 [0,0,0,-45761443,-118845467742] 1 [0] 71.1558323744 0 0 U
490960 [0,0,0,-27104963,-216609154238] 1 [0] 284.623329498 0 0 U
491415 [1,1,0,-3604392,-4946789151] 1 [0] 145.816371926 0 0 U
491415 [1,1,0,-4423417,-3580819256] 1 [0] 145.816371926 0 0 U
491415 [1,1,0,-70764442,-229153572461] 1 [0] 145.816371926 0 0 U
494912 [0,-1,0,-45646213,118716453021] 1 [0] 18.1018306097 0 0 U
494976 [0,-1,0,-3758723,-2803590717] 1 [0] 265.373346779 0 0 U
497872 [0,1,0,-25207573,48704574595] 1 [0] 30.1196624329 0 0 U
499059 [0,0,1,-1126345917,-14549756543802] 1 [0] 43.9230088398 0 0 U
502893 [1,-1,0,-37656,-2803055] 1 [0] 34.4823587168 0 0 U
504465 [1,1,0,-566617288,5191144222243] 1 [0] 45.9229477323 0 0 U
504465 [1,1,0,-35415643,81090637672] 1 [0] 45.9229477323 0 0 U
504825 [1,0,0,-762138,-256156983] 1 [0] 37.637671491 0 0 U
505486 [1,0,1,-3831892862,91299128374768] 1 [0] 29.9333572982 0 0 U
506763 [0,0,1,-225228,46927192] 1 [0] 8.77591212754 0 0 U
506944 [0,0,0,704969,0] 1 [0] 231.380695557 0 0 U
506944 [0,1,0,-347013729,-2488155765473] 1 [0] 144.374110289 0 0 U
507150 [1,-1,1,22160020,-596235085603] 1 [0] 113.797253926 0 0 U
508288 [0,0,0,-7644536,-8135322720] 1 [0] 79.6825636273 0 0 U
508475 [0,-1,1,-2399000458,-45225255024182] 1 [0] 37.1952331847 0 0 U
509796 [0,0,0,-125222391,-539350508466] 1 [0] 49.3921366836 0 0 U
510732 [0,0,0,-116316648,-482848549335] 1 [0] 310.219329837 0 0 U
510741 [1,-1,0,-32371092,-70882944885] 1 [0] 163.421671198 0 0 U
510741 [1,-1,0,-517939857,-4536853104096] 1 [0] 163.421671198 0 0 U
511695 [1,-1,1,-98687,-11907944] 1 [0] 43.4871564403 0 0 U
514182 [1,1,0,647664,544511232] 1 [0] 11.7619564292 0 0 U
514386 [1,-1,0,-15416766,-38772739436] 1 [0] 186.601865301 0 0 U
515385 [1,-1,0,-527445,-147307680] 1 [0] 117.769787922 0 0 U
517440 [0,-1,0,-804156705,8235449372865] 1 [0] 182.968872801 0 0 U
518175 [1,-1,1,-1096491605,-13951144642228] 1 [0] 26.7804493707 0 0 U
518175 [1,-1,1,-17535593480,-893771876992228] 1 [0] 107.121797483 0 0 U
520200 [0,0,0,-114985875,-473521081250] 1 [0] 49.0467047673 0 0 U
520975 [0,-1,1,-56733,-5184422] 1 [0] 62.8553094703 0 0 U
523200 [0,-1,0,-802833,-651056463] 1 [0] 95.6053053409 0 0 U
523731 [0,1,1,-53115404,-149015155441] 1 [0] 38.1941566997 0 0 U
523731 [0,1,1,-166810154,653991328085] 1 [0] 38.1941566997 0 0 U
524176 [0,1,0,-2369712,-1447207468] 1 [0] 43.5836089768 0 0 U
525388 [0,-1,0,-255394005,-1570871378911] 1 [0] 322.107584985 0 0 U
525850 [1,-1,0,-4329542,-3466236884] 1 [0] 108.185505311 0 0 U
527065 [1,-1,1,-265843,-2966453394] 1 [0] 40.4172401786 0 0 U
529830 [1,-1,0,-20619375,-36113055625] 1 [0] 37.0337224696 0 0 U
530485 [0,-1,1,-5094736,-5440132979] 1 [0] 119.219491324 0 0 U
530670 [1,1,1,-3968791590,-96237208425933] 1 [0] 103.627123935 0 0 U
530901 [0,0,1,-10769706,-13603598656] 1 [0] 92.4871227486 0 0 U
532512 [0,0,0,-6878280,-12615534704] 1 [0] 22.6242065738 0 0 U
533556 [0,0,0,-10512,-414828] 1 [0] 36.9997152679 0 0 U
533936 [0,-1,0,-362864,-83851840] 1 [0] 28.526730865 0 0 U
534615 [1,1,0,-491617,-132879854] 1 [0] 88.1613400271 0 0 U
534834 [1,-1,0,-88107,-10044155] 1 [0] 39.526291693 0 0 U
536400 [0,0,0,-443523075,3595194933250] 1 [0] 8.70096386218 0 0 U
536406 [1,0,1,-2346920,-1384921354] 1 [0] 154.63863292 0 0 U
536406 [1,1,0,4915193,-4816722503] 1 [0] 6.94288505597 0 0 U
539275 [1,-1,0,-1599542,-1490998759] 1 [0] 35.1483143283 0 0 U
539328 [0,-1,0,7996287,-54773609439] 1 [0] 17.7088324744 0 0 U
539955 [1,-1,0,-5403384,-5313580817] 1 [0] 174.432902908 0 0 U
542754 [1,-1,1,-1243514,-2448487601] 1 [0] 60.8484309701 0 0 U
544258 [1,1,0,-1615473,-791723819] 1 [0] 24.3768141269 0 0 U
544326 [1,1,1,-12672,-534501] 1 [0] 106.947525081 0 0 U
544350 [1,1,0,-692854000,-7030258115000] 1 [0] 396.596001554 0 0 U
545952 [0,-1,0,-54272577,-153874879695] 1 [0] 223.537986612 0 0 U
546573 [1,0,1,-153432,-23145149] 1 [0] 148.495573849 0 0 U
551123 [0,0,1,13294,418833] 1 [0] 10.9997426051 0 0 U
552276 [0,0,0,-4784805,-21898081431] 1 [0] 105.191748193 0 0 U
553722 [1,0,0,-2953184,-1953613242] 4 [2,2] 937.395717687 2 0 [(0,24),(16,7)]
554019 [0,-1,1,-8473850,9497263370] 1 [0] 13.0279460537 0 0 U
555840 [0,0,0,-2953699788,60096119725712] 1 [0] 243.493171731 0 0 U
558714 [1,0,1,-29551851,-63749017616] 1 [0] 124.908225933 0 0 U
558928 [0,0,0,-494315,133768474] 1 [0] 11.7404576072 0 0 U
559680 [0,-1,0,-105025,-13065503] 1 [0] 59.2568985442 0 0 U
559793 [1,1,1,-3015143,2013257524] 1 [0] 64.154352776 0 0 U
562467 [1,0,0,-730648539,-7601626668096] 1 [0] 228.33156322 0 0 U
562467 [1,0,0,-705337524,-8152713273285] 1 [0] 228.33156322 0 0 U
563255 [0,0,1,-58975763,174939907469] 1 [0] 133.196260099 0 0 U
564465 [1,1,0,714503,-53833754] 1 [0] 113.998581757 0 0 U
564525 [0,0,1,-1042500,-409686719] 1 [0] 30.3860141417 0 0 U
564592 [0,-1,0,-13753528,-19684311696] 1 [0] 165.115604959 0 0 U
564592 [0,-1,0,-220232888,-1257899737744] 1 [0] 165.115604959 0 0 U
565504 [0,0,0,-830584,0] 1 [0] 116.861242646 0 0 U
565794 [1,-1,1,3760519,-4832776803] 1 [0] 92.4693167083 0 0 U
565794 [1,-1,1,-28855841,-59652490899] 1 [0] 92.4693167083 0 0 U
565796 [0,1,0,-340292,-100009516] 1 [0] 181.282422826 0 0 U
567511 [1,1,0,-36501,-2542750] 1 [0] 71.065857384 0 0 U
568261 [0,1,1,-17290,-880377] 1 [0] 29.9873411769 0 0 U
568752 [0,-1,0,-16817584,-301338666176] 1 [0] 245.61410066 0 0 U
569232 [0,0,0,-2200395,-1256315398] 1 [0] 32.3918144385 0 0 U
570025 [1,0,0,843162,-484592833] 1 [0] 14.6125219988 0 0 U
571200 [0,1,0,-204605633,-1126547383137] 1 [0] 61.4019467905 0 0 U
572450 [1,1,0,-55104275,-157485825875] 1 [0] 43.8628243097 0 0 U
574656 [0,1,0,-1693802593,26830771767071] 1 [0] 67.2615360801 0 0 U
575757 [0,0,1,-479820,-127928007] 1 [0] 85.8658604335 0 0 U
576400 [0,-1,0,-716508,-231591988] 1 [0] 32.936162357 0 0 U
576755 [0,-1,1,-3126880,-2131177289] 1 [0] 259.039510999 0 0 U
577224 [0,0,0,-22899,-1563730] 1 [0] 98.6312489862 0 0 U
578187 [0,0,1,-465420,-137705238] 1 [0] 80.9113530648 0 0 U
578233 [1,-1,1,1776779,2106245510] 1 [0] 65.0131868072 0 0 U
580644 [0,0,0,-2163092448,-38720968945004] 1 [0] 91.4235254931 0 0 U
580842 [1,-1,0,11475498,-460525232908] 1 [0] 105.484471797 0 0 U
580842 [1,-1,0,-823849887,-9101446396155] 1 [0] 105.484471797 0 0 U
581200 [0,-1,0,-3713333,-2752952963] 1 [0] 101.774735548 0 0 U
581825 [1,-1,1,-3103780,-2103895778] 1 [0] 71.8642879309 0 0 U
584496 [0,0,0,-47927808,127711340604] 1 [0] 23.5139362139 0 0 U
586677 [1,1,0,39910,3579927] 1 [0] 58.6138394697 0 0 U
586800 [0,0,0,-51154275,-140813774750] 1 [0] 35.0046999394 0 0 U
588534 [1,0,1,-384981,-91972448] 1 [0] 157.122037387 0 0 U
589754 [1,1,0,-1941326,-1042239436] 1 [0] 120.024358806 0 0 U
592960 [0,0,0,-6324908,-6122509008] 1 [0] 154.051892669 0 0 U
593610 [1,0,0,-55425181,-158825936089] 1 [0] 182.248146485 0 0 U
594880 [0,-1,0,-1008997825,-12456438863935] 1 [0] 136.864027423 0 0 U
596200 [0,0,0,-485675,-272718250] 1 [0] 51.374577482 0 0 U
596773 [1,-1,1,-37511014,-93943485248] 1 [0] 113.358956174 0 0 U
598450 [1,-1,0,-67042,-6664684] 1 [0] 64.3456400088 0 0 U
599248 [0,1,0,-937,-11357] 1 [0] 23.7139736557 0 0 U
599664 [0,1,0,418065432,-18631153075404] 1 [0] 87.1306305567 0 0 U
599760 [0,0,0,-3649863,340408978] 1 [0] 66.42994283 0 0 U
599872 [0,0,0,-7951564,-8630321040] 1 [0] 200.180888835 0 0 U
600445 [1,-1,1,-78142,-8388064] 1 [0] 74.4583454225 0 0 U
602800 [0,0,0,-768956875,-8207314767750] 1 [0] 281.565424178 0 0 U
603057 [0,1,1,698213357,6977126156848] 1 [0] 93.7248915036 0 0 U
603456 [0,-1,0,-4909569,-4185445887] 1 [0] 33.0243188652 0 0 U
603632 [0,0,0,818389,-488465830] 1 [0] 89.3400480615 0 0 U
604072 [0,0,0,-5551259,2204318998] 1 [0] 163.243942702 0 0 U
605430 [1,-1,1,-46870553,-123497123759] 1 [0] 60.1723920735 0 0 U
606015 [1,-1,1,-2616540370823,-1629067573052867294] 1 [0] 1175.91802483 0 0 U
606480 [0,1,0,-15485576,-23460344076] 1 [0] 123.587032966 0 0 U
607563 [1,-1,0,-7802541,-6116722128] 1 [0] 134.054325283 0 0 U
609600 [0,-1,0,-6797633,-6819016863] 1 [0] 82.8760330123 0 0 U
609600 [0,-1,0,902367,-554716863] 1 [0] 82.8760330123 0 0 U
609984 [0,0,0,-3164076,2166299370] 1 [0] 20.0075561151 0 0 U
610170 [1,1,1,-18254291,16525798409] 1 [0] 39.9478539075 0 0 U
610732 [0,-1,0,-2204,-41848] 1 [0] 42.0686345162 0 0 U
610946 [1,-1,1,-108574,-13742307] 1 [0] 52.1323646201 0 0 U
610946 [1,-1,1,229556,-71620915] 1 [0] 208.529458481 0 0 U
613121 [1,-1,0,-111248308,451663440801] 1 [0] 49.8746958401 0 0 U
614449 [1,0,1,-223953,40773999] 1 [0] 14.9541067098 0 0 U
615225 [0,-1,1,-241252708,1442383095318] 1 [0] 13.8600592273 0 0 U
616286 [1,1,0,-63495,-6223213] 1 [0] 117.170431442 0 0 U
618348 [0,1,0,3435267,-2721242673] 1 [0] 12.0502514573 0 0 U
622104 [0,-1,0,-3090413944,66127157557084] 1 [0] 85.5402318283 0 0 U
622656 [0,0,0,-58132236,-174806300144] 1 [0] 233.471438088 0 0 U
622790 [1,-1,1,-67948,-1074963053] 1 [0] 37.4512308799 0 0 U
623200 [0,-1,0,-32833,-10196463] 1 [0] 67.1234928067 0 0 U
623392 [0,-1,0,-29841665,-62630257039] 1 [0] 70.6705727903 0 0 U
624064 [0,-1,0,-8679337,-9838984959] 1 [0] 115.067556317 0 0 U
625128 [0,1,0,-17504824,-25809018208] 1 [0] 55.131712728 0 0 U
625392 [0,0,0,-46837296,-123377462928] 1 [0] 86.9260450481 0 0 U
625681 [1,-1,1,-164984259,815488849298] 1 [0] 112.755179109 0 0 U
625681 [1,-1,1,-2639552614,52197426172518] 1 [0] 28.1887947772 0 0 U
626175 [1,-1,0,-58017042,-170074854009] 1 [0] 210.9783964 0 0 U
626990 [1,-1,0,-24849200,-47671627080] 1 [0] 77.350039172 0 0 U
628286 [1,-1,1,-113929201,468087578021] 1 [0] 173.613924757 0 0 U
628325 [0,1,1,-2868458,1868954829] 1 [0] 12.788861671 0 0 U
628686 [1,-1,1,-3907955,-2972553389] 1 [0] 29.2300897466 0 0 U
629424 [0,0,0,-2379240,-1412555409] 1 [0] 75.6195186875 0 0 U
629442 [1,-1,1,-517407881,-5438754450885] 1 [0] 97.5248870819 0 0 U
629952 [0,1,0,283903,-38786817] 1 [0] 169.621537882 0 0 U
630436 [0,1,0,1838772,5247796] 1 [0] 28.1623418664 0 0 U
630630 [1,-1,0,-139434233409,-20048958757943487] 1 [0] 220.978481841 0 0 U
632025 [1,-1,0,-951463602,-9881264232369] 1 [0] 139.501260698 0 0 U
632025 [1,-1,0,-83861817,-336171796534] 1 [0] 104.478131523 0 0 U
632025 [1,-1,0,-917966277,-10704594983544] 1 [0] 139.501260698 0 0 U
634800 [0,1,0,-163042208,136844793588] 1 [0] 108.089685296 0 0 U
634800 [0,1,0,-527946408,9474988939188] 1 [0] 82.3931202189 0 0 U
634955 [0,-1,1,-99886691,-384213529839] 1 [0] 35.7965463784 0 0 U
635418 [1,-1,1,-16069835,-24791046731] 1 [0] 162.260252847 0 0 U
635905 [1,-1,0,-678299,-214851020] 1 [0] 105.067124992 0 0 U
635909 [1,0,0,-19959260,-34323045317] 1 [0] 111.684769491 0 0 U
636228 [0,0,0,-225855,-41453802] 1 [0] 150.138108432 0 0 U
636400 [0,0,0,-6312875,-6105043750] 1 [0] 46.2245557176 0 0 U
637008 [0,-1,0,24448,-40820928] 1 [0] 63.7712480968 0 0 U
638400 [0,1,0,-4438133,-3600204387] 1 [0] 100.212513105 0 0 U
638401 [1,-1,1,-438901,7093443086] 1 [0] 40.3568747487 0 0 U
638770 [1,1,0,-328273,-72530667] 1 [0] 42.5025009227 0 0 U
639012 [0,1,0,-77452,-8322412] 1 [0] 155.19878404 0 0 U
639023 [1,-1,0,-93191,-10926608] 1 [0] 166.485585888 0 0 U
639065 [1,-1,1,-46682197,-118445987634] 1 [0] 90.7892508965 0 0 U
640332 [0,0,0,-4980360,51221176468] 1 [0] 112.773820856 0 0 U
640386 [1,-1,0,-18127194,-29701455724] 1 [0] 61.2460897532 0 0 U
640695 [1,1,1,-608916591,-5783674941516] 1 [0] 303.457420513 0 0 U
640695 [1,1,1,-38057346,-90381519282] 1 [0] 75.8643551282 0 0 U
641424 [0,-1,0,-1135988,-465646020] 1 [0] 190.009349529 0 0 U
645978 [1,1,1,-205819,-36024973] 1 [0] 80.5552945857 0 0 U
647454 [1,0,1,-24227509,-46036129882] 1 [0] 113.999923368 0 0 U
649536 [0,-1,0,-917377,-337891295] 1 [0] 100.965237631 0 0 U
652562 [1,-1,0,-2013806,1010232884] 1 [0] 38.7951571616 0 0 U
652925 [1,1,0,-110514625,-447310509750] 1 [0] 164.00692372 0 0 U
655215 [1,1,1,304237255,-1332211302058] 1 [0] 185.819771292 0 0 U
655215 [1,1,1,-1274830895,-17513851729978] 1 [0] 185.819771292 0 0 U
655467 [1,1,1,26064028,-541744223722] 1 [0] 169.647846457 0 0 U
655467 [1,1,1,-53684457,-145808945394] 1 [0] 169.647846457 0 0 U
655467 [1,1,1,-850076862,-9540053754774] 1 [0] 169.647846457 0 0 U
655578 [1,-1,1,-11873390,-58179840199] 1 [0] 93.8387107094 0 0 U
655672 [0,1,0,-85304,-9618128] 1 [0] 82.248695021 0 0 U
656915 [0,-1,1,-559697836,5095950778886] 1 [0] 25.503682474 0 0 U
657317 [1,1,0,-59641,-5631084] 1 [0] 93.7672573289 0 0 U
658890 [1,-1,1,-87188,-19850133] 1 [0] 47.6973912701 0 0 U
658917 [0,0,1,-50160,-2276397] 1 [0] 134.188191779 0 0 U
659776 [0,0,0,-291148,-60467056] 1 [0] 62.0907217677 0 0 U
663296 [0,0,0,-27640,-1768704] 1 [0] 87.366156488 0 0 U
663663 [1,1,0,11912131,-32862765138] 1 [0] 101.699325032 0 0 U
665667 [0,0,1,13110,-406125] 1 [0] 82.1876628922 0 0 U
666400 [0,0,0,-278075,-242415250] 1 [0] 22.1953578405 0 0 U
667754 [1,1,0,-236634710,-1401187803208] 1 [0] 440.634094328 0 0 U
669680 [0,0,0,219973,117532394] 1 [0] 99.0387673728 0 0 U
670448 [0,0,0,-143193155,-659525361598] 1 [0] 136.964390841 0 0 U
670738 [1,1,0,-5567349,-5058453307] 1 [0] 183.76604596 0 0 U
671086 [1,1,1,-95557,-11409317] 1 [0] 36.1917310023 0 0 U
672808 [0,0,0,821,28710] 1 [0] 62.4264570286 0 0 U
677416 [0,0,0,-8158759,8964112410] 1 [0] 82.9615744534 0 0 U
677846 [1,0,1,56250267,54546062754] 1 [0] 99.9862499238 0 0 U
678975 [0,1,1,-18749083,-31253958056] 1 [0] 112.428822751 0 0 U
681408 [0,0,0,-62807160,-196670993272] 1 [0] 43.0700799261 0 0 U
681414 [1,1,1,516282308,-6024030269779] 1 [0] 168.1632627 0 0 U
681494 [1,-1,1,-19980811,-34431954389] 1 [0] 295.89055767 0 0 U
682011 [1,-1,0,-41634963,90011201350] 1 [0] 120.903827368 0 0 U
682011 [0,0,1,1715361,-794926877] 1 [0] 17.1516639371 0 0 U
682011 [1,-1,0,-10944468,-12525742445] 1 [0] 120.903827368 0 0 U
683997 [1,0,0,-32831867,-72411558252] 1 [0] 141.619444948 0 0 U
684464 [0,-1,0,-1921502,-1024561601] 1 [0] 53.0149330305 0 0 U
685113 [1,0,1,-843220,-298099657] 1 [0] 186.243127728 0 0 U
685113 [1,0,1,-46270,-5839381] 1 [0] 186.243127728 0 0 U
685452 [0,1,0,-9272642,31081317429] 1 [0] 26.3899773781 0 0 U
686440 [0,-1,0,749364,-1429119775] 1 [0] 76.0814306427 0 0 U
687050 [1,1,0,-27518400,-55473304250] 1 [0] 40.2032857333 0 0 U
687225 [1,0,1,-1055827526,-15032687331427] 1 [0] 57.8149213752 0 0 U
687401 [1,-1,0,-3703046,-2740917393] 1 [0] 208.683114985 0 0 U
687401 [1,-1,0,54004,-3324821] 1 [0] 52.1707787461 0 0 U
687408 [0,-1,0,-57230072,-166622956512] 1 [0] 168.708312551 0 0 U
688545 [1,-1,0,-392929695,2998020656326] 1 [0] 43.1963350535 0 0 U
689689 [1,-1,0,-40461758,99073973805] 1 [0] 49.0555496574 0 0 U
690624 [0,0,0,-6129324,-5840719920] 1 [0] 53.9015993006 0 0 U
690624 [0,0,0,-8075244,-8620530352] 1 [0] 122.28788793 0 0 U
690840 [0,0,0,-777207,-263726134] 1 [0] 122.18489383 0 0 U
690840 [0,0,0,-595587,-390094306] 1 [0] 122.18489383 0 0 U
691152 [0,1,0,-185457224,-972167200908] 1 [0] 106.240447846 0 0 U
691920 [0,0,0,31713,-223015426] 1 [0] 50.267765569 0 0 U
692770 [1,-1,1,-7389658,-7730023499] 1 [0] 126.731589509 0 0 U
694083 [1,0,1,-223916,-40801213] 1 [0] 100.969440171 0 0 U
694083 [1,0,0,-306540348,-2065784208411] 1 [0] 105.737626501 0 0 U
694083 [1,0,0,-37841723,-89602422690] 1 [0] 83.3371280267 0 0 U
694545 [1,0,0,-1427936,-656885865] 1 [0] 107.783079499 0 0 U
695196 [0,0,0,-598941,-178412247] 1 [0] 240.205505371 0 0 U
695800 [0,0,0,-31437175,-71238441750] 1 [0] 141.613379173 0 0 U
696901 [1,0,1,-107019,-13484157] 1 [0] 43.676254988 0 0 U
698896 [0,-1,0,-5465599685,155528481023533] 1 [0] 19.3921875215 0 0 U
699712 [0,-1,0,-5084781313,-139556210230527] 1 [0] 55.7138794074 0 0 U
699867 [0,0,1,0,-1175821922] 1 [0] 60.3710217565 0 0 U
701190 [1,-1,0,-87034299,-312502521115] 1 [0] 47.4679468348 0 0 U
702478 [1,-1,1,-52436011,-146292136389] 1 [0] 252.015226298 0 0 U
702678 [1,0,0,-589153,-173515639] 1 [0] 32.6290911481 0 0 U
702848 [0,-1,0,-484749,-129413515] 1 [0] 126.634078606 0 0 U
704186 [1,1,0,-34337450,77431905236] 1 [0] 85.1215267578 0 0 U
704448 [0,0,0,-10602156,-13287295280] 1 [0] 39.4206381469 0 0 U
704880 [0,0,0,-187846563,-997725595678] 1 [0] 204.821914882 0 0 U
705033 [1,-1,1,-949338374,-11258239141740] 1 [0] 127.528927399 0 0 U
705432 [0,-1,0,-855512,-226916340] 1 [0] 98.5163063446 0 0 U
708282 [1,-1,1,-114020474,-480362784843] 1 [0] 46.1373400342 0 0 U
709784 [0,-1,0,1419472,15615644] 1 [0] 102.822397166 0 0 U
711490 [1,-1,1,-9866083,-11925467823] 1 [0] 293.73359176 0 0 U
711490 [1,-1,1,-506863,-254669879] 1 [0] 293.73359176 0 0 U
712096 [0,0,0,-1043579,-947688222] 1 [0] 263.752871583 0 0 U
712768 [0,-1,0,-241767713,-1446842903135] 1 [0] 78.124285267 0 0 U
713832 [0,1,0,-1789545,-922025973] 1 [0] 87.5052689574 0 0 U
714672 [0,0,0,-107245431,-427480503210] 1 [0] 267.374787746 0 0 U
714672 [0,0,0,-107244891,-427485023334] 1 [0] 66.8436969364 0 0 U
716906 [1,-1,1,-948227049,11238951147641] 1 [0] 96.3935866352 0 0 U
717360 [0,1,0,-588948901,-5501486284141] 1 [0] 178.393853802 0 0 U
722025 [1,-1,1,-235032980,-1386852925728] 1 [0] 142.432392149 0 0 U
725595 [1,0,1,-29507608,-67203399319] 1 [0] 50.4520531576 0 0 U
725904 [0,0,0,-266285784,1680804816383] 1 [0] 70.9912278802 0 0 U
726687 [1,-1,1,-99239,-12007994] 1 [0] 53.1383316175 0 0 U
727873 [1,1,0,-2171046,-1173052585] 1 [0] 104.90016689 0 0 U
727873 [1,1,0,1468319,-4705420254] 1 [0] 419.600667559 0 0 U
729190 [1,0,0,-4765341,-4004351225] 1 [0] 350.617073304 0 0 U
731584 [0,0,0,-33836,-217349680] 1 [0] 165.574674083 0 0 U
732615 [1,0,1,-51088704,-140540115233] 1 [0] 166.705851739 0 0 U
732736 [0,-1,0,-17967297,-756333018271] 1 [0] 201.938119336 0 0 U
733552 [0,1,0,-141119352,-645296983724] 1 [0] 66.650641123 0 0 U
733552 [0,1,0,6601848,-191094696844] 1 [0] 29.8692501109 0 0 U
735402 [1,1,1,72357051,469179082515] 1 [0] 43.614885862 0 0 U
736164 [0,0,0,-20121816,1433197713805] 1 [0] 96.3533046084 0 0 U
736840 [0,0,0,-200603,-459511338] 1 [0] 156.966102836 0 0 U
736840 [0,0,0,-10218923,-12573488122] 1 [0] 156.966102836 0 0 U
739385 [1,-1,1,-3943387,3015047714] 1 [0] 48.8398393008 0 0 U
739970 [1,1,0,-8550571997,304323704266709] 1 [0] 54.3035425232 0 0 U
740080 [0,1,0,-16652080,797051356500] 1 [0] 29.9740935714 0 0 U
741762 [1,-1,1,-168758582,-849493848423] 1 [0] 84.8372331319 0 0 U
742608 [0,0,0,-557280,-160124688] 1 [0] 98.6349211541 0 0 U
745290 [1,-1,1,-43601018,-4855032073069] 1 [0] 43.9849328268 0 0 U
745290 [1,-1,1,-4558567838,-118464029893933] 1 [0] 175.939731307 0 0 U
745920 [0,0,0,-43979052,-180991121456] 1 [0] 73.5739895826 0 0 U
746064 [0,0,0,-559584,-161118736] 1 [0] 88.0561656574 0 0 U
746112 [0,-1,0,-18814,-987026] 1 [0] 71.7240390086 0 0 U
749241 [1,-1,0,-4511058,-3686658625] 1 [0] 298.549433189 0 0 U
749241 [1,-1,0,-4290738,-4063096999] 1 [0] 298.549433189 0 0 U
752419 [0,0,1,-1346434,-600895674] 1 [0] 20.1293338156 0 0 U
752584 [0,1,0,-1536528,-733605008] 1 [0] 166.321631053 0 0 U
752725 [0,-1,1,-4920383,4202580543] 1 [0] 17.5055088435 0 0 U
752950 [1,1,0,-20210575,-34975076625] 1 [0] 139.827622655 0 0 U
753885 [1,-1,0,-1105978680,-14156626179875] 1 [0] 210.417467001 0 0 U
756522 [1,-1,1,-21103754,-37310087653] 1 [0] 157.543363881 0 0 U
759600 [0,0,0,-1266375,-548518750] 1 [0] 115.970639925 0 0 U
760046 [1,1,0,-148237245,-694740675523] 1 [0] 215.712539125 0 0 U
760046 [1,1,0,-9257405,-10876474819] 1 [0] 215.712539125 0 0 U
761256 [0,0,0,-36540291,85017066590] 1 [0] 76.6315924901 0 0 U
761520 [0,1,0,-4067496,-1168526220] 1 [0] 205.356641552 0 0 U
762818 [1,-1,1,-62697444,-190951609117] 1 [0] 269.994819556 0 0 U
762960 [0,-1,0,-97329805,-369554808800] 1 [0] 185.060752225 0 0 U
763872 [0,1,0,-254624,49368732] 1 [0] 67.4768377692 0 0 U
764048 [0,1,0,-5079608,3043326676] 1 [0] 50.704779867 0 0 U
764679 [1,1,0,-722738911,7478288852566] 1 [0] 50.474235688 0 0 U
769166 [1,0,1,-1436511,-662741134] 1 [0] 33.1478939322 0 0 U
770747 [0,1,1,-1941698,-995219357] 1 [0] 79.6113155938 0 0 U
771197 [0,1,1,-86903,-10129853] 1 [0] 16.3855732044 0 0 U
771538 [1,-1,0,-75518398,253748790126] 1 [0] 50.4327094314 0 0 U
772048 [0,0,0,-112835,-14588606] 1 [0] 62.2511830777 0 0 U
772335 [0,0,1,-1263033,546348989] 1 [0] 34.0246673354 0 0 U
773550 [1,-1,0,-353809917,2561640097741] 1 [0] 25.2710681076 0 0 U
773720 [0,0,0,-59834627,178146377486] 1 [0] 155.011328637 0 0 U
775234 [1,-1,0,-14346104,-20350171456] 1 [0] 45.7610327549 0 0 U
777630 [1,1,1,-167216911,523545986039] 1 [0] 199.60097005 0 0 U
777936 [0,-1,0,-994949,-381656211] 1 [0] 68.0471474572 0 0 U
778619 [0,1,1,-6507,-208247] 1 [0] 33.9273979199 0 0 U
778904 [0,1,0,-381089,-90664141] 1 [0] 32.6843772013 0 0 U
778974 [1,1,0,-81305,-8957211] 1 [0] 45.609646582 0 0 U
780206 [1,0,1,-314460171,-2146356630388] 1 [0] 492.243742484 0 0 U
780766 [1,1,1,-265464753,-1664896600753] 1 [0] 69.4870856341 0 0 U
781333 [1,-1,0,3604,-7516685] 1 [0] 69.0331054493 0 0 U
781350 [1,1,0,-225029125,-1299384110375] 1 [0] 78.8231526523 0 0 U
781665 [1,1,1,-710525115,-7241303215740] 1 [0] 86.8806431573 0 0 U
782145 [1,-1,0,-16451370,-25531338105] 1 [0] 64.9828396951 0 0 U
782229 [1,1,1,83734976,-84454361368] 1 [0] 107.769048273 0 0 U
782229 [1,1,1,-273482934,-1738892684724] 1 [0] 107.769048273 0 0 U
785027 [1,0,1,-4188247,-3299455221] 1 [0] 114.41487681 0 0 U
785175 [1,1,0,19823225,5998972000] 1 [0] 82.9061742414 0 0 U
785568 [0,-1,0,-29940192,-63046538568] 1 [0] 253.05973388 0 0 U
786128 [0,-1,0,-4533352,-3713647248] 1 [0] 134.874445084 0 0 U
786615 [1,1,0,-5769602,-10017664539] 1 [0] 212.528812946 0 0 U
786615 [1,1,0,-4196372,3306964269] 1 [0] 53.1322032364 0 0 U
786615 [1,1,0,-1092,2237331] 1 [0] 53.1322032364 0 0 U
786615 [1,1,0,-7080627,-7251139584] 1 [0] 212.528812946 0 0 U
786615 [1,1,0,-113273652,-464072294529] 1 [0] 212.528812946 0 0 U
786771 [1,-1,0,-3983031,-3058632576] 1 [0] 461.799639378 0 0 U
786771 [1,-1,0,-3983076,-3058559973] 1 [0] 115.449909845 0 0 U
787152 [0,-1,0,-61524992,563179935168] 1 [0] 165.237213002 0 0 U
788073 [1,1,0,-10173924,-12494769525] 1 [0] 256.492445777 0 0 U
788544 [0,0,0,-66254124,-700096589872] 1 [0] 47.0127787645 0 0 U
788751 [0,0,1,-61101,-5843293] 1 [0] 54.0852488214 0 0 U
788800 [0,0,0,-9908300,-12004538000] 1 [0] 85.0602082938 0 0 U
789439 [1,1,1,-5151889,4498737816] 1 [0] 8.60944161086 0 0 U
790542 [1,-1,1,-4216226,-3331167645] 1 [0] 220.503218214 0 0 U
791082 [1,-1,0,-34012152,76356787698] 1 [0] 53.9203566199 0 0 U
791920 [0,0,0,217573,-31560886] 1 [0] 110.3570009 0 0 U
795616 [0,0,0,-6099899,-5798719198] 1 [0] 312.358759348 0 0 U
795675 [1,1,0,-4036945,-3230646080] 1 [0] 46.6977261787 0 0 U
796328 [0,0,0,-480467,-128186162] 1 [0] 42.607956876 0 0 U
796758 [1,1,0,-1021955790,-12575086553484] 1 [0] 90.4693141537 0 0 U
797632 [0,1,0,-10567,-1973501] 1 [0] 25.8070704797 0 0 U
798400 [0,1,0,-83208,-9266162] 1 [0] 71.9013412964 0 0 U
799552 [0,1,0,4113693759,34111796426303] 1 [0] 64.4774214868 0 0 U
801975 [1,1,0,-280257900,-1805715091125] 1 [0] 58.636616756 0 0 U
803011 [1,-1,0,-57221,-13579706] 1 [0] 372.533901402 0 0 U
803011 [1,-1,0,-1273271,-552687220] 1 [0] 93.1334753506 0 0 U
803264 [0,0,0,-68545196,-218430684880] 1 [0] 237.46730734 0 0 U
804005 [1,-1,1,2944668,1988105876] 1 [0] 96.3841047013 0 0 U
804264 [0,-1,0,-398914944,-3066547821012] 1 [0] 367.481970778 0 0 U
804264 [0,-1,0,-24888944,-48083074740] 1 [0] 367.481970778 0 0 U
805318 [1,0,0,-97823093,-372383644255] 1 [0] 34.7788976072 0 0 U
806450 [1,1,1,-263515938,-1646299967969] 1 [0] 13.536788614 0 0 U
806880 [0,-1,0,-16837456,-26110019624] 1 [0] 86.7740117186 0 0 U
810045 [1,-1,0,-972054000,11665215030375] 1 [0] 151.662899745 0 0 U
810806 [1,1,0,-18662966,31024892756] 1 [0] 16.1275797631 0 0 U
812528 [0,0,0,-5360,-152912] 1 [0] 37.1014358688 0 0 U
813417 [1,1,1,-160732,-24661396] 1 [0] 37.4390959542 0 0 U
814209 [1,1,0,-253860,40909851] 1 [0] 61.1615311043 0 0 U
814280 [0,1,0,-949200,-356263072] 1 [0] 292.324370025 0 0 U
814576 [0,1,0,-118400,-15720601] 1 [0] 29.3223124151 0 0 U
815112 [0,0,0,-11960931,-15921925634] 1 [0] 197.211516915 0 0 U
815181 [0,-1,1,-14396,-660055] 1 [0] 57.2151878017 0 0 U
817360 [0,0,0,-36185123,83781214178] 1 [0] 11.348948691 0 0 U
817665 [1,1,0,-973263,-369966168] 1 [0] 102.95819158 0 0 U
819180 [0,0,0,-150768,-23263308] 1 [0] 149.804365026 0 0 U
822066 [1,0,0,-124856178,537868190370] 1 [0] 82.8690881399 0 0 U
824166 [1,-1,0,-23451,-1326043] 1 [0] 42.0276353693 0 0 U
825240 [0,1,0,-253073776,-1549681590160] 1 [0] 272.943252971 0 0 U
825825 [1,0,0,-3730566188,-87702460438383] 1 [0] 182.186256247 0 0 U
825825 [1,0,0,-11752188,-29945307633] 1 [0] 45.5465640617 0 0 U
826672 [0,0,0,-7253147891,-237759518587470] 1 [0] 106.141980809 0 0 U
827517 [0,1,1,-1170383,-487739383] 1 [0] 87.0420030834 0 0 U
828245 [1,-1,0,-4834880,3997899791] 1 [0] 58.8617555042 0 0 U
829493 [1,-1,0,-21287,-1190108] 1 [0] 36.4011199515 0 0 U
831315 [1,1,1,-115636,-15158182] 1 [0] 83.986723741 0 0 U
831600 [0,0,0,-54585,-4908605] 1 [0] 33.0613733002 0 0 U
832320 [0,0,0,-4650588,-4784986872] 1 [0] 39.6027077012 0 0 U
835705 [1,-1,0,-660230,-851529249] 1 [0] 47.9544046314 0 0 U
836594 [1,0,0,-1995232,-1085030264] 1 [0] 38.2483519456 0 0 U
838245 [0,1,1,-29500781,-61683304594] 1 [0] 76.3845234396 0 0 U
838773 [1,-1,0,-20265,-1105318] 1 [0] 27.692584594 0 0 U
839008 [0,0,0,-1619,-24970] 1 [0] 31.7076243779 0 0 U
839056 [0,-1,0,-1012758072,-12405685491856] 1 [0] 271.400593653 0 0 U
839056 [0,-1,0,-52038952,-34685146172304] 1 [0] 271.400593653 0 0 U
839232 [0,0,0,-1576839,-790749232] 1 [0] 321.424441335 0 0 U
839814 [1,0,0,-408105864,-3174530918292] 1 [0] 131.524300829 0 0 U
841477 [0,-1,1,-30662,-2056377] 1 [0] 95.496976418 0 0 U
841935 [1,1,0,292863297,1372793342778] 1 [0] 151.716185507 0 0 U
841935 [1,1,0,-79826418,274483003527] 1 [0] 37.9290463767 0 0 U
841935 [1,1,0,-91339708,190139652787] 1 [0] 151.716185507 0 0 U
842283 [1,-1,1,-13411769,-18901518672] 1 [0] 75.3034403848 0 0 U
844036 [0,0,0,-45630649,118640531109] 1 [0] 22.3505755358 0 0 U
844880 [0,-1,0,-12349020,-16698975620] 1 [0] 104.118818895 0 0 U
845760 [0,-1,0,-15044481,-22455176319] 1 [0] 42.9328393593 0 0 U
849072 [0,-1,0,-1777255104,-28837774880256] 1 [0] 142.816767621 0 0 U
849357 [1,-1,1,-220685,-39845500] 1 [0] 28.3341608996 0 0 U
849744 [0,0,0,72144,15706224] 1 [0] 38.0583676143 0 0 U
852774 [1,1,1,-925404880,-10867501648177] 1 [0] 233.056604557 0 0 U
853440 [0,-1,0,-1365504001,19422170273185] 1 [0] 76.2051913963 0 0 U
855504 [0,0,0,-6403251,-6232894990] 1 [0] 74.224164356 0 0 U
856251 [0,0,1,-804357,193246769] 1 [0] 89.5351481022 0 0 U
860338 [1,-1,0,-3191978,-2194219500] 1 [0] 226.767315545 0 0 U
860416 [0,-1,0,-35853,-2601067] 1 [0] 163.791162751 0 0 U
862130 [1,0,1,-516319,-142841858] 1 [0] 37.8963006028 0 0 U
862182 [1,-1,0,-16557336,-25927729344] 1 [0] 38.7652851345 0 0 U
862784 [0,0,0,-22653836,-41501208336] 1 [0] 190.400762128 0 0 U
863298 [1,-1,0,-567843252,-5208096326032] 1 [0] 337.105830252 0 0 U
863298 [1,-1,0,2898298218,-13445034915340] 1 [0] 337.105830252 0 0 U
863504 [0,-1,0,-69716000,224074198384] 1 [0] 11.2034494224 0 0 U
865332 [0,0,0,-321309975,2206461249502] 1 [0] 79.0829293254 0 0 U
866394 [1,-1,0,-2341077,-1378120843] 1 [0] 106.239229044 0 0 U
867031 [1,0,1,-238855,-44951129] 1 [0] 130.169091991 0 0 U
868014 [1,-1,1,-869306,-848582607] 1 [0] 9.88096649064 0 0 U
868525 [0,-1,1,-11433,-468497] 1 [0] 46.06048363 0 0 U
868624 [0,-1,0,-13481768,-14077497616] 1 [0] 170.359453889 0 0 U
870966 [1,-1,1,3069550,-8097705327] 1 [0] 5.96053120537 0 0 U
870966 [1,-1,0,-442066656,3577611490176] 1 [0] 163.082030101 0 0 U
872019 [0,0,1,-164133,-25594225] 1 [0] 311.775054478 0 0 U
872176 [0,1,0,-70682837,-228751424509] 1 [0] 71.5474768399 0 0 U
873740 [0,-1,0,-2629541,456736721] 1 [0] 89.62462827 0 0 U
875922 [1,1,0,-69115841,221135241333] 1 [0] 23.7386751426 0 0 U
876168 [0,0,0,-93016515,345293346206] 1 [0] 25.1375359621 0 0 U
876408 [0,-1,0,-2338024,-1375230116] 1 [0] 121.222599073 0 0 U
877982 [1,1,1,-160699323,-796462181075] 1 [0] 73.0640050876 0 0 U
880139 [1,-1,0,-925687,-342571482] 1 [0] 232.208329029 0 0 U
880583 [0,1,1,-365970,105709807] 1 [0] 38.5242321207 0 0 U
880596 [0,0,0,-12530568,-17072780236] 1 [0] 118.427320174 0 0 U
881573 [0,1,1,-564817,-755620113] 1 [0] 40.7474022938 0 0 U
881600 [0,1,0,-577633,-187431137] 1 [0] 31.6154506938 0 0 U
882175 [0,1,1,-18693708,-31271662631] 1 [0] 30.2529124552 0 0 U
883050 [1,0,1,-7384663751,-244256030818102] 1 [0] 229.90203609 0 0 U
884120 [0,1,0,-1215985,-555210845] 1 [0] 44.5833754991 0 0 U
884547 [0,0,1,0,268320780] 1 [0] 295.180432993 0 0 U
884835 [1,-1,0,-189064485,262817790426] 1 [0] 207.802077023 0 0 U
886573 [1,1,1,-212,-12062] 1 [0] 11.6778481534 0 0 U
886977 [0,0,1,-142693914,-656079230300] 1 [0] 71.3717166178 0 0 U
887255 [0,-1,1,-65030605,-248607122317] 1 [0] 221.892055137 0 0 U
887255 [0,-1,1,5949795,2866675078] 1 [0] 24.654672793 0 0 U
888726 [1,1,1,-25279319,-48931628083] 1 [0] 129.25385554 0 0 U
888968 [0,1,0,-25087996,-48375132032] 1 [0] 144.863579453 0 0 U
889350 [1,0,1,16170232724,-1206973338464302] 1 [0] 245.98820136 0 0 U
889504 [0,-1,0,-2807617,1811606193] 1 [0] 96.0875487314 0 0 U
890624 [0,-1,0,-515181949,-4500621596827] 1 [0] 209.118074418 0 0 U
891898 [1,-1,0,467843,-52155195] 1 [0] 44.0972163896 0 0 U
892305 [1,-1,0,-4758975,-3994743960] 1 [0] 190.277015124 0 0 U
892320 [0,-1,0,1439824,-1164644040] 1 [0] 90.4490386555 0 0 U
893040 [0,-1,0,-27000816,7358930880] 1 [0] 88.1556689352 0 0 U
893976 [0,-1,0,583568,-1256415668] 1 [0] 119.245935153 0 0 U
893976 [0,-1,0,-14316032,-20844025812] 1 [0] 119.245935153 0 0 U
894960 [0,0,0,-381849843,-2872017210958] 1 [0] 131.711349879 0 0 U
897012 [0,0,0,-7617,-429707] 1 [0] 22.265808871 0 0 U
900848 [0,0,0,-63443,-6150510] 1 [0] 41.233524777 0 0 U
901440 [0,0,0,-11737488,15477857912] 1 [0] 46.3528864031 0 0 U
902336 [0,1,0,-310125,66370961] 1 [0] 6.4918157759 0 0 U
902994 [1,0,0,-693499557,-7029443848095] 1 [0] 86.6961061645 0 0 U
902994 [1,1,1,-66869247,-210354305067] 1 [0] 259.595443929 0 0 U
902994 [1,1,1,-52769867,-301554734659] 1 [0] 259.595443929 0 0 U
905457 [0,-1,1,-266474153,1674379082036] 1 [0] 12.5416586833 0 0 U
906048 [0,0,0,-32026764,-69761841424] 1 [0] 62.9699339588 0 0 U
907740 [0,0,0,1860867,-3128117427] 1 [0] 38.2152992951 0 0 U
909351 [1,-1,0,-3923163,-2989922936] 1 [0] 67.5442738197 0 0 U
910938 [1,1,0,-1315495786,-18359068753490] 1 [0] 96.7189979863 0 0 U
911467 [1,1,0,-194418,-40415359] 1 [0] 107.808435184 0 0 U
914710 [1,-1,1,-5302678,-4698599669] 1 [0] 210.156611733 0 0 U
914850 [1,-1,1,-17640618755,901822276073247] 1 [0] 19.4232579845 0 0 U
916650 [1,-1,0,-17731617,-28734499459] 1 [0] 30.6255561783 0 0 U
919360 [0,0,0,-55233932,-156597400336] 1 [0] 97.575404326 0 0 U
919360 [0,0,0,-103581452,-405761750576] 1 [0] 223.514317039 0 0 U
920205 [1,-1,1,-209633612,-1168161463686] 1 [0] 30.4755367854 0 0 U
921050 [1,1,1,-101780338,-395266917219] 1 [0] 60.4284438108 0 0 U
922082 [1,1,0,1000218845,17504286918413] 1 [0] 61.2776702445 0 0 U
922082 [1,1,0,-117805580,-900228677144] 1 [0] 61.2776702445 0 0 U
923109 [1,0,1,-2570406,-1586353925] 1 [0] 98.6683837708 0 0 U
925360 [0,0,0,-6169067,-5897627574] 1 [0] 186.215557154 0 0 U
925873 [0,0,1,-83606654,-294245193982] 1 [0] 164.419993427 0 0 U
927563 [1,-1,1,-34629019,-78426070002] 1 [0] 378.970940682 0 0 U
927563 [1,-1,1,-2161129,-1228789114] 1 [0] 94.7427351705 0 0 U
927730 [1,-1,0,34171,1887845] 1 [0] 105.821861151 0 0 U
927810 [1,-1,0,-42418440,-106326897494] 1 [0] 182.397472331 0 0 U
928176 [0,1,0,-332992,-74073292] 1 [0] 33.5835546274 0 0 U
928182 [1,0,1,-9748678,-130017418156] 1 [0] 131.313712268 0 0 U
928655 [1,-1,0,-138020,-18376149] 1 [0] 73.7765993283 0 0 U
928655 [1,-1,0,-34669790,-78564621745] 1 [0] 295.106397313 0 0 U
930225 [0,-1,1,-5684458,-5214635607] 1 [0] 75.690545931 0 0 U
930372 [0,1,0,-5621718,-5132279931] 1 [0] 70.4002373145 0 0 U
931274 [1,1,0,310110,-780133964] 1 [0] 5.41985334039 0 0 U
932127 [1,0,1,-135952,-19305415] 1 [0] 190.382112391 0 0 U
932418 [1,-1,1,-7535,-2109239] 1 [0] 146.748687641 0 0 U
934725 [1,1,0,-21896525,-39446730000] 1 [0] 151.514615404 0 0 U
935150 [1,0,0,-15248638,-22920219608] 1 [0] 233.081602682 0 0 U
935161 [1,1,1,-159815,-24657494] 1 [0] 45.8612671237 0 0 U
936240 [0,1,0,-4741080,-3974995692] 1 [0] 40.4722935249 0 0 U
936330 [1,0,1,-94391333,222789058448] 1 [0] 324.410885581 0 0 U
936855 [1,-1,0,-562230,-162008249] 1 [0] 53.8684369601 0 0 U
936855 [1,-1,0,-8993925,-10379536250] 1 [0] 215.47374784 0 0 U
938628 [0,0,0,-74268657,246352213917] 1 [0] 38.9779075176 0 0 U
941488 [0,-1,0,-1627876192,-25279637907712] 1 [0] 108.715468225 0 0 U
942723 [0,0,1,-3765,-319131] 1 [0] 38.3874224863 0 0 U
942741 [0,0,1,-352933977,-2551897931387] 1 [0] 94.9006319155 0 0 U
943874 [1,1,1,-170227,-25460897] 1 [0] 40.6849375509 0 0 U
943874 [1,1,1,-167337,-26416909] 1 [0] 162.739750204 0 0 U
946876 [0,-1,0,-5167461812,142978013716504] 1 [0] 87.3211732184 0 0 U
949069 [0,1,1,-169790,98140213] 1 [0] 51.9547363845 0 0 U
950309 [1,-1,1,-5087329,-4415067252] 1 [0] 131.239734438 0 0 U
951390 [1,-1,0,-1479714345,-21908245460175] 1 [0] 119.286070064 0 0 U
953298 [1,-1,0,-53646867,151252712885] 1 [0] 4.98442073762 0 0 U
953552 [0,0,0,-312971,71193850] 1 [0] 96.2599975745 0 0 U
954318 [1,0,0,-356449,-39009667] 1 [0] 152.292861369 0 0 U
956480 [0,-1,0,5758219,-326212669] 1 [0] 81.1085309503 0 0 U
957249 [1,-1,0,-630423,-192502904] 1 [0] 89.7256668118 0 0 U
957411 [1,-1,1,-43622186,-110883400288] 1 [0] 188.333184085 0 0 U
958170 [1,0,0,-1043936,-410033490] 1 [0] 108.266459788 0 0 U
958505 [1,1,0,-19968,-1094413] 1 [0] 232.529522638 0 0 U
958528 [0,0,0,-164716,-144231504] 1 [0] 42.0739479253 0 0 U
958706 [1,0,1,-570453311,-5244235755374] 1 [0] 240.416427455 0 0 U
960018 [1,0,1,-222891699,-1280992940702] 1 [0] 150.777201279 0 0 U
960144 [0,1,0,-20004,-1095684] 1 [0] 100.3695049 0 0 U
961114 [1,-1,1,-3767614,-1079969067] 1 [0] 97.9699448125 0 0 U
962240 [0,0,0,-12829868,-17688108592] 1 [0] 225.241836475 0 0 U
963870 [1,1,1,-355568221,-2584591887997] 1 [0] 141.722042536 0 0 U
965056 [0,0,0,-36332,-2775728] 1 [0] 28.2473309763 0 0 U
967090 [1,-1,0,62065,-294899] 1 [0] 92.7058036897 0 0 U
967475 [0,1,1,7242,702769] 1 [0] 28.2099761245 0 0 U
967872 [0,1,0,-74210241,-949780971969] 1 [0] 70.3316465737 0 0 U
967872 [0,-1,0,-12790697,-26874587415] 1 [0] 57.6262006455 0 0 U
967872 [0,-1,0,-14580252,-21418950042] 1 [0] 230.504802582 0 0 U
968688 [0,0,0,-9361687179,348641676429370] 1 [0] 29.6850989127 0 0 U
968876 [0,-1,0,-104973893,-413942327215] 1 [0] 259.658280163 0 0 U
969744 [0,-1,0,-181144,-29612816] 1 [0] 59.9518506869 0 0 U
969878 [1,0,0,-862280272,-9745750993926] 1 [0] 109.252154323 0 0 U
970200 [0,0,0,-22638297675,-1311033420324250] 1 [0] 195.471408522 0 0 U
970200 [0,0,0,-1109559675,-29566259658250] 1 [0] 195.471408522 0 0 U
971523 [1,-1,1,-49124984,-86922336000] 1 [0] 99.9013043777 0 0 U
973654 [1,-1,1,-805,-13101] 1 [0] 119.765474679 0 0 U
974169 [1,-1,0,-372152853,-2641500075726] 1 [0] 70.5995843904 0 0 U
974980 [0,1,0,-7144810,-7350720755] 1 [0] 271.282233076 0 0 U
975422 [1,1,1,-91122003,-334836079447] 1 [0] 71.7122454232 0 0 U
975897 [1,-1,0,-2927691,-1927396328] 1 [0] 113.490706378 0 0 U
975897 [1,-1,0,-2938806,-1912015391] 1 [0] 113.490706378 0 0 U
975897 [1,-1,0,-46843056,-123388512845] 1 [0] 453.962825512 0 0 U
976276 [0,0,0,-208544,-36656067] 1 [0] 98.7862677353 0 0 U
976704 [0,1,0,-2090369,-1163931009] 1 [0] 80.8847555671 0 0 U
977949 [1,-1,0,122391387,592931839450] 1 [0] 63.2679655276 0 0 U
978161 [1,0,1,-30545848,-65696972421] 1 [0] 253.186143213 0 0 U
978650 [1,1,0,-84915,-24208915] 1 [0] 66.900032645 0 0 U
979200 [0,0,0,-64245000,-198201400000] 1 [0] 33.3803267577 0 0 U
979690 [1,-1,1,-13880983,-30481632269] 1 [0] 188.609785815 0 0 U
979690 [1,-1,1,-15840363,-24256290133] 1 [0] 47.1524464537 0 0 U
979765 [1,0,1,-14798254,-21912314373] 1 [0] 396.117239935 0 0 U
981310 [1,-1,1,-26168572,-51518474631] 1 [0] 174.054967625 0 0 U
981552 [0,-1,0,-23228925672,1362681210488688] 1 [0] 47.1733657244 0 0 U
981819 [0,0,1,238521,-23076907] 1 [0] 21.0783343036 0 0 U
982288 [0,1,0,-18152424,-30551876812] 1 [0] 44.6326965418 0 0 U
983208 [0,-1,0,-1747952,-888910260] 1 [0] 246.206356446 0 0 U
985959 [0,0,1,-18960750,-32053925266] 1 [0] 124.433763206 0 0 U
986374 [1,0,0,6017,-463355] 1 [0] 19.6124583327 0 0 U
987423 [1,0,0,-5264093,4648279290] 1 [0] 41.1838700844 0 0 U
988175 [0,-1,1,-1016208,-511293932] 1 [0] 102.501838647 0 0 U
988992 [0,0,0,-19916364,-34209788560] 1 [0] 144.247543864 0 0 U
989120 [0,0,0,-978668,-372159312] 1 [0] 95.7992036256 0 0 U
989200 [0,-1,0,-141458,-14114213] 1 [0] 22.2082231605 0 0 U
989632 [0,0,0,-2641964,-1652862160] 1 [0] 42.1520798914 0 0 U
990143 [1,-1,0,43556287,5021402854] 1 [0] 91.7244698382 0 0 U
990825 [0,-1,1,-20977533,-36974100532] 1 [0] 42.9165752119 0 0 U
991064 [0,0,0,-79507,-61538418] 1 [0] 63.1900911834 0 0 U
992016 [0,0,0,-6468771,-6565258334] 1 [0] 20.069072432 0 0 U
992064 [0,-1,0,-21301,-1189523] 1 [0] 39.421582637 0 0 U
994455 [1,-1,0,47385441,-183516312470] 1 [0] 80.9900699336 0 0 U
994635 [1,-1,1,-890825558,-10233237880398] 1 [0] 43.6493159986 0 0 U
995075 [0,1,1,-212938,-37891621] 1 [0] 41.6958105721 0 0 U
998109 [1,-1,0,-440466,-112406581] 1 [0] 139.371592008 0 0 U
998720 [0,0,0,-13004168,18049782408] 1 [0] 72.0624761083 0 0 U
999200 [0,0,0,-208166675,1156018865750] 1 [0] 72.8502767475 0 0 U
999248 [0,1,0,11432,-2592956] 1 [0] 16.9763737468 0 0 U
999495 [1,-1,0,-160231545,-780634713600] 1 [0] 251.847279754 0 0 U
999495 [1,-1,0,53058420,-2656506763449] 1 [0] 251.847279754 0 0 U
