400085 [1,-1,1,-649578,-201346708] 1 [0] (-465,238) 0 0 18.0
401850 [1,-1,1,-381123005,2881089589497] 1 [0] (10023,255630) 0 0 18.0
404496 [0,0,0,-216616035,-1227111824158] 1 [0] (47753,9865208) 0 0 18.0
406175 [0,1,1,-18699583,-31130276256] 1 [0] (-89891/36,1223/216) 0 0 18.0
406175 [0,-1,1,-747983,-248743017] 1 [0] (-499,0) 0 0 18.0
407288 [0,0,0,-5822915,-5401722466] 1 [0] (-1370,2078) 0 0 18.0
408040 [0,-1,0,-9959576,13361592076] 1 [0] (6801,510050) 0 0 18.0
408200 [0,1,0,-186836208,-983030960912] 1 [0] (17108,910000) 0 0 18.0
410700 [0,-1,0,23692827,25737296337] 1 [0] (495992/169,762783527/2197) 0 0 18.0
410958 [1,-1,0,-34158987,-70460350011] 1 [0] (-2579,23133) 0 0 18.0
411110 [1,1,0,-5876497,-5485545799] 1 [0] (-1400,701) 0 0 18.0
413149 [1,1,0,-6764598,-6774728189] 1 [0] (-1502,753) 0 0 18.0
414050 [1,-1,0,-1474056817,18470773453341] 1 [0] (-5710,5170199) 0 0 18.0
414873 [1,-1,0,-6637968,-6580992015] 1 [0] (50807359/4900,347896167837/343000) 0 0 18.0
416416 [0,-1,0,-1083853,-433952091] 1 [0] (-5405/9,676/27) 0 0 18.0
419033 [1,-1,0,-140191,-19919088] 1 [0] (-22849/100,495119/1000) 0 0 18.0
419033 [1,-1,0,-2235356,-1285817781] 1 [0] (303130/9,166271141/27) 0 0 18.0
419247 [1,-1,1,-4895249,-4167568402] 1 [0] (2802,62701) 0 0 18.0
420672 [0,-1,0,-6388957,-6213614003] 1 [0] (8541,749800) 0 0 18.0
420672 [0,-1,0,-6388977,-6213573135] 1 [0] (-1456,175) 0 0 18.0
421056 [0,0,0,-363792396,-2670721111024] 1 [0] (364033/16,58306815/64) 0 0 18.0
421056 [0,0,0,-22489356,-42683542000] 1 [0] (7234,416160) 0 0 18.0
423405 [1,-1,1,-2637264488,-54579245673108] 1 [0] (65438105/1024,200565140019/32768) 0 0 18.0
424128 [0,1,0,-4571157,-3746288589] 1 [0] (-11330/9,103823/27) 0 0 18.0
424128 [0,-1,0,-26440257,-52315825215] 1 [0] (871159/25,803682648/125) 0 0 18.0
425964 [0,1,0,-36351532,-84371267596] 1 [0] (-4264601/1225,132/42875) 0 0 18.0
427119 [1,0,1,-240993152,-1439969234515] 1 [0] (82359/4,12121037/8) 0 0 18.0
427128 [0,-1,0,-8109043,-8885196920] 1 [0] (-1641,179) 0 0 18.0
428456 [0,0,0,-2905420,1906169412] 1 [0] (984,6) 0 0 18.0
431592 [0,1,0,-48624,3226674912] 1 [0] (-26821/25,5652942/125) 0 0 18.0
432450 [1,-1,1,-301638380,-2017327238503] 1 [0] (95295/4,16528079/8) 0 0 18.0
432474 [1,0,1,-712976,-231610018] 1 [0] (-478,423) 0 0 18.0
432939 [1,1,0,-95049,-11314350] 1 [0] (-178,154) 0 0 18.0
434264 [0,0,0,-28772492,59403814132] 1 [0] (3156,5714) 0 0 18.0
436464 [0,0,0,-7988259,-8690107102] 1 [0] (-1631,144) 0 0 18.0
439488 [0,0,0,-47904156,127616815440] 1 [0] (3888,11772) 0 0 18.0
439569 [1,-1,1,-239134694,-1376341326772] 1 [0] (24931,2843634) 0 0 18.0
439569 [1,-1,1,-236936849,-1403712409264] 1 [0] (-8882,5539) 0 0 18.0
439922 [1,0,0,-600608093,-5665506158159] 1 [0] (-14150,7271) 0 0 18.0
440896 [0,1,0,-91853,-13414669] 1 [0] (470,6889) 0 0 18.0
441062 [1,-1,1,-2352331,-1388071115] 1 [0] (371135/196,81723825/2744) 0 0 18.1319234402
441062 [1,-1,1,-147021,-21661039] 1 [0] (5839/4,422935/8) 0 0 18.0
441062 [1,-1,1,-146191,-21918339] 1 [0] (472927/324,308338271/5832) 0 0 18.0
441864 [0,0,0,-22718091,-58565201114] 1 [0] (24206,3684366) 0 0 18.0
441864 [0,0,0,-402981051,-3113687702090] 1 [0] (1053329/16,1023353415/64) 0 0 18.0
442176 [0,-1,0,-48947873,-131793833919] 1 [0] (16093,1802240) 0 0 18.0
442320 [0,-1,0,-4007285,3088953405] 1 [0] (1156,5) 0 0 18.0
443054 [1,-1,1,-555990,159707885] 1 [0] (431,-207) 0 0 18.0
443115 [1,-1,0,-249255,-47835360] 1 [0] (2016,86400) 0 0 18.0
443275 [1,-1,0,-47700017,-126790020484] 1 [0] (39724,7768688) 0 0 18.0
444038 [1,1,0,-9472460,-11225224744] 1 [0] (44275/9,6616343/27) 0 0 18.0
447146 [1,1,1,-2679988077,-53231254218683] 1 [0] (-11526731/400,2213174207/8000) 0 0 19.1636472638
449600 [0,0,0,-38386700,-91541674000] 1 [0] (52670,12000000) 0 0 18.0
450555 [1,0,1,-235747699,-1473457444609] 1 [0] (25351,2960987) 0 0 18.0
451070 [1,1,0,-788928,-270043408] 1 [0] (1847,66737) 0 0 18.0
452965 [0,1,1,-68985681,-220422006575] 1 [0] (-42635/9,258443/27) 0 0 18.0
457776 [0,0,0,44777949,-775370750686] 1 [0] (329071,188807598) 0 0 18.0
458654 [1,0,1,-209146907,-1164215332058] 1 [0] (286202074/9025,4194987032592/857375) 0 0 18.0
458654 [1,0,1,-1605972,-2816259798] 1 [0] (11655/4,1038873/8) 0 0 18.0
458913 [1,0,1,-4981679,-3852497497] 1 [0] (14531,1722483) 0 0 18.0
460416 [0,1,0,-3198,-70686] 1 [0] (75,342) 0 0 18.0
461286 [1,-1,0,-361648233,-2647054004589] 1 [0] (50277,10282989) 0 0 18.7808222294
461286 [1,-1,0,-22386933,-42185603601] 1 [0] (9015,694482) 0 0 18.0
465366 [1,0,1,-8689013,11245429754] 1 [0] (-2806,117744) 0 0 18.0
465616 [0,-1,0,-8316312,9233677552] 1 [0] (1548,8192) 0 0 18.0
466818 [1,1,0,-36515624,-84946209960] 1 [0] (1219367,1345859864) 0 0 18.0
467602 [1,-1,0,-1395346,-653036100] 1 [0] (12423,1371885) 0 0 18.0
467808 [0,1,0,-576344,182306460] 1 [0] (879,18858) 0 0 18.0
468075 [1,1,0,-17166000,51390950625] 1 [0] (2600,154725) 0 0 18.0
468075 [1,1,0,-21066625,37188775000] 1 [0] (2700,-350) 0 0 18.0
468075 [1,1,0,-12485250,-16985445375] 1 [0] (-8161/4,8643/8) 0 0 18.0
468450 [1,-1,0,-5929242,-5555600884] 1 [0] (-275497/196,1928921/2744) 0 0 18.0
473726 [1,-1,1,-436605,-110931169] 1 [0] (11183/4,1134651/8) 0 0 18.0
474281 [1,-1,1,-723079,236836830] 1 [0] (393,3443) 0 0 18.0
474672 [0,1,0,-287424,-73936860] 1 [0] (25315/9,3947860/27) 0 0 18.0
474672 [0,1,0,-306559,-65433280] 1 [0] (20224/25,1839768/125) 0 0 18.0
475052 [0,1,0,-44013,-3579649] 1 [0] (250,1051) 0 0 18.0
477530 [1,-1,1,-2711212,-1697455131] 1 [0] (-448109/484,50647679/10648) 0 0 18.0
478192 [0,-1,0,-49490613,-133955504131] 1 [0] (2705189/196,3693704685/2744) 0 0 18.0
479958 [1,1,1,-3569782,-2597523109] 1 [0] (2215,18097) 0 0 18.0
480766 [1,0,0,-46950365,-123858348277] 1 [0] (14762969/1600,30296861223/64000) 0 0 18.0
482664 [0,-1,0,-14477272,-21191054132] 1 [0] (-19943/9,51830/27) 0 0 18.0
483860 [0,1,0,-1008041,-389888180] 1 [0] (959001/784,317204987/21952) 0 0 18.0
484416 [0,0,0,-29559468,-62682071344] 1 [0] (21866,3121792) 0 0 18.0
485280 [0,0,0,-1334523,-642301778] 1 [0] (3221,168750) 0 0 18.0
485985 [1,0,0,-29250675,10530601380] 1 [0] (-468,155532) 0 0 18.0
486075 [1,1,0,-256750,-61371875] 1 [0] (700,9775) 0 0 18.0
487162 [1,-1,1,1334,-327869] 1 [0] (13331/100,1418049/1000) 0 0 18.0
487340 [0,0,0,-10152848207,-393758510301994] 1 [0] (223787,92420550) 0 0 18.3742380275
487816 [0,-1,0,-20328,-1108804] 1 [0] (1070,34656) 0 0 18.0
487872 [0,0,0,-9057576,-10492187816] 1 [0] (15686,1925352) 0 0 18.0
488410 [1,-1,0,-249415724,-1502599809840] 1 [0] (-2179331/225,241392317/3375) 0 0 18.0
488766 [1,1,1,-83097301,-291634129165] 1 [0] (15109,1371664) 0 0 18.0
488880 [0,0,0,-1497243,-503661958] 1 [0] (-821,13122) 0 0 18.0
489762 [1,-1,1,-279649571,-2626073159745] 1 [0] (27375,3185144) 0 0 18.0
490960 [0,0,0,-45761443,-118845467742] 1 [0] (-4049,7854) 0 0 18.0
490960 [0,0,0,-27104963,-216609154238] 1 [0] (73303/9,8662346/27) 0 0 18.0
491415 [1,1,0,-4423417,-3580819256] 1 [0] (-234757/196,4131499/2744) 0 0 18.0
491415 [1,1,0,-70764442,-229153572461] 1 [0] (147466/9,46627031/27) 0 0 18.0
491415 [1,1,0,-3604392,-4946789151] 1 [0] (22576/9,1112771/27) 0 0 18.0
494912 [0,-1,0,-45646213,118716453021] 1 [0] (3900,111) 0 0 18.0
494976 [0,-1,0,-3758723,-2803590717] 1 [0] (94258/9,28401067/27) 0 0 18.0
497872 [0,1,0,-25207573,48704574595] 1 [0] (11589/4,841/8) 0 0 18.0
499059 [0,0,1,-1126345917,-14549756543802] 1 [0] (4531859/25,9468714398/125) 0 0 18.0
502893 [1,-1,0,-37656,-2803055] 1 [0] (-112,65) 0 0 18.0
504465 [1,1,0,-566617288,5191144222243] 1 [0] (13746,-6197) 0 0 18.0
504465 [1,1,0,-35415643,81090637672] 1 [0] (1876,144862) 0 0 18.0
504825 [1,0,0,-762138,-256156983] 1 [0] (-504,255) 0 0 18.0
505486 [1,0,1,-3831892862,91299128374768] 1 [0] (142951/4,-139111/8) 0 0 18.0
506763 [0,0,1,-225228,46927192] 1 [0] (-274,9384) 0 0 18.0
506944 [0,0,0,704969,0] 1 [0] (1156/841,24008250/24389) 0 0 18.0
506944 [0,1,0,-347013729,-2488155765473] 1 [0] (13998613/324,46353826657/5832) 0 0 18.0
507150 [1,-1,1,22160020,-596235085603] 1 [0] (35071/4,4137275/8) 0 0 18.0
508288 [0,0,0,-7644536,-8135322720] 1 [0] (5852,384104) 0 0 18.0
508475 [0,-1,1,-2399000458,-45225255024182] 1 [0] (359767,213675062) 0 0 18.0
509796 [0,0,0,-125222391,-539350508466] 1 [0] (-6461,98) 0 0 18.0
510732 [0,0,0,-116316648,-482848549335] 1 [0] (783730,693758575) 0 0 18.0
510741 [1,-1,0,-32371092,-70882944885] 1 [0] (544806/25,385381089/125) 0 0 18.0
510741 [1,-1,0,-517939857,-4536853104096] 1 [0] (45216660/361,298203174282/6859) 0 0 19.7911799573
511695 [1,-1,1,-98687,-11907944] 1 [0] (-181,91) 0 0 18.0
514182 [1,1,0,647664,544511232] 1 [0] (893,42402) 0 0 18.0
514386 [1,-1,0,-15416766,-38772739436] 1 [0] (1401255/289,91971889/4913) 0 0 18.0
515385 [1,-1,0,-527445,-147307680] 1 [0] (64653/16,16022067/64) 0 0 18.0
517440 [0,-1,0,-804156705,8235449372865] 1 [0] (2503007/121,894842312/1331) 0 0 18.0
518175 [1,-1,1,-1096491605,-13951144642228] 1 [0] (-19346,153610) 0 0 18.0
518175 [1,-1,1,-17535593480,-893771876992228] 1 [0] (-76451,39400) 0 0 19.8775851503
520200 [0,0,0,-114985875,-473521081250] 1 [0] (-6325,27000) 0 0 18.0
520975 [0,-1,1,-56733,-5184422] 1 [0] (326,3295) 0 0 18.0
523200 [0,-1,0,-802833,-651056463] 1 [0] (3167,169000) 0 0 18.0
523731 [0,1,1,-53115404,-149015155441] 1 [0] (-269351/64,19517/512) 0 0 18.0
523731 [0,1,1,-166810154,653991328085] 1 [0] (-24155/4,9603797/8) 0 0 18.0
524176 [0,1,0,-2369712,-1447207468] 1 [0] (11644,1244918) 0 0 18.0
525388 [0,-1,0,-255394005,-1570871378911] 1 [0] (22976,2165553) 0 0 18.0
525850 [1,-1,0,-4329542,-3466236884] 1 [0] (-1205,889) 0 0 18.0
527065 [1,-1,1,-265843,-2966453394] 1 [0] (11572,1236581) 0 0 18.0
529830 [1,-1,0,-20619375,-36113055625] 1 [0] (10723,982393) 0 0 18.0
530485 [0,-1,1,-5094736,-5440132979] 1 [0] (137641/16,49045971/64) 0 0 18.0
530670 [1,1,1,-3968791590,-96237208425933] 1 [0] (660175/9,72118361/27) 0 0 18.0
530901 [0,0,1,-10769706,-13603598656] 1 [0] (170872,70619664) 0 0 18.0
532512 [0,0,0,-6878280,-12615534704] 1 [0] (3440,66564) 0 0 18.0
533556 [0,0,0,-10512,-414828] 1 [0] (-59,1) 0 0 18.0
533936 [0,-1,0,-362864,-83851840] 1 [0] (-344,384) 0 0 18.0
534615 [1,1,0,-491617,-132879854] 1 [0] (34725/16,6011821/64) 0 0 18.0
534834 [1,-1,0,-88107,-10044155] 1 [0] (-171,86) 0 0 18.0
536400 [0,0,0,-443523075,3595194933250] 1 [0] (12161,384) 0 0 18.0
536406 [1,1,0,4915193,-4816722503] 1 [0] (10041,1023091) 0 0 18.0
536406 [1,0,1,-2346920,-1384921354] 1 [0] (296170/81,142487423/729) 0 0 18.0
539275 [1,-1,0,-1599542,-1490998759] 1 [0] (3304,169473) 0 0 18.0
539328 [0,-1,0,7996287,-54773609439] 1 [0] (7067,595508) 0 0 18.0
539955 [1,-1,0,-5403384,-5313580817] 1 [0] (77726/25,10938559/125) 0 0 18.0
542754 [1,-1,1,-1243514,-2448487601] 1 [0] (154001/64,46553083/512) 0 0 18.0
544258 [1,1,0,-1615473,-791723819] 1 [0] (1986,60959) 0 0 18.0
544326 [1,1,1,-12672,-534501] 1 [0] (-979/16,10131/64) 0 0 18.0
544350 [1,1,0,-692854000,-7030258115000] 1 [0] (6945305/121,15840137035/1331) 0 0 19.1040481861
545952 [0,-1,0,-54272577,-153874879695] 1 [0] (262577/16,117576575/64) 0 0 18.0
546573 [1,0,1,-153432,-23145149] 1 [0] (209719/324,69259825/5832) 0 0 18.0
551123 [0,0,1,13294,418833] 1 [0] (153,2456) 0 0 18.0
552276 [0,0,0,-4784805,-21898081431] 1 [0] (54993/16,3042279/64) 0 0 18.0
553722 [1,0,0,-2953184,-1953613242] 4 [2,2] (11907/4,988407/8) 2 0 19.2024371394
554019 [0,-1,1,-8473850,9497263370] 1 [0] (1681,-1) 0 0 18.0
555840 [0,0,0,-2953699788,60096119725712] 1 [0] (19232,3225508) 0 0 18.0
558714 [1,0,1,-29551851,-63749017616] 1 [0] (6592,163760) 0 0 18.0
558928 [0,0,0,-494315,133768474] 1 [0] (213,6176) 0 0 18.0
559680 [0,-1,0,-105025,-13065503] 1 [0] (-747/4,43/8) 0 0 18.0
559793 [1,1,1,-3015143,2013257524] 1 [0] (1361,20127) 0 0 18.0
562467 [1,0,0,-730648539,-7601626668096] 1 [0] (-762240/49,4167624/343) 0 0 18.2610517517
562467 [1,0,0,-705337524,-8152713273285] 1 [0] (126147/4,7748391/8) 0 0 18.0
563255 [0,0,1,-58975763,174939907469] 1 [0] (2073201/484,321660301/10648) 0 0 18.0
564465 [1,1,0,714503,-53833754] 1 [0] (2235/4,180233/8) 0 0 18.0
564525 [0,0,1,-1042500,-409686719] 1 [0] (-589,96) 0 0 18.0
564592 [0,-1,0,-220232888,-1257899737744] 1 [0] (103258,32816910) 0 0 18.0
564592 [0,-1,0,-13753528,-19684311696] 1 [0] (5808301/225,13844672974/3375) 0 0 18.0
565504 [0,0,0,-830584,0] 1 [0] (3528,202440) 0 0 18.0
565794 [1,-1,1,-28855841,-59652490899] 1 [0] (13139,1345950) 0 0 18.0
565794 [1,-1,1,3760519,-4832776803] 1 [0] (12567,1417446) 0 0 18.0
565796 [0,1,0,-340292,-100009516] 1 [0] (6259/9,11026/27) 0 0 18.0
567511 [1,1,0,-36501,-2542750] 1 [0] (-1106/9,10444/27) 0 0 18.0
568261 [0,1,1,-17290,-880377] 1 [0] (-1239/16,765/64) 0 0 18.0
568752 [0,-1,0,-16817584,-301338666176] 1 [0] (197633,87838740) 0 0 18.0
569232 [0,0,0,-2200395,-1256315398] 1 [0] (-857,18) 0 0 18.0
570025 [1,0,0,843162,-484592833] 1 [0] (541,11130) 0 0 18.0
571200 [0,1,0,-204605633,-1126547383137] 1 [0] (16539,117504) 0 0 18.0
572450 [1,1,0,-55104275,-157485825875] 1 [0] (28310,4565445) 0 0 18.0
574656 [0,1,0,-1693802593,26830771767071] 1 [0] (95125/4,43263/8) 0 0 18.0
575757 [0,0,1,-479820,-127928007] 1 [0] (-1166183/2916,-78407/157464) 0 0 18.0
576400 [0,-1,0,-716508,-231591988] 1 [0] (-1987/4,9825/8) 0 0 18.0
576755 [0,-1,1,-3126880,-2131177289] 1 [0] (2779513/144,4613670757/1728) 0 0 18.0
577224 [0,0,0,-22899,-1563730] 1 [0] (793/4,10395/8) 0 0 18.0
578187 [0,0,1,-465420,-137705238] 1 [0] (1880,75046) 0 0 18.0
578233 [1,-1,1,1776779,2106245510] 1 [0] (-289,39749) 0 0 18.0
580644 [0,0,0,-2163092448,-38720968945004] 1 [0] (362933,216753057) 0 0 18.0
580842 [1,-1,0,11475498,-460525232908] 1 [0] (19004,2563554) 0 0 18.0
580842 [1,-1,0,-823849887,-9101446396155] 1 [0] (2307849,3504566370) 0 0 18.7252221828
581200 [0,-1,0,-3713333,-2752952963] 1 [0] (-27804/25,431/125) 0 0 18.0
581825 [1,-1,1,-3103780,-2103895778] 1 [0] (2063,15396) 0 0 18.0
584496 [0,0,0,-47927808,127711340604] 1 [0] (3997,1) 0 0 18.0
586677 [1,1,0,39910,3579927] 1 [0] (31/4,15747/8) 0 0 18.0
586800 [0,0,0,-51154275,-140813774750] 1 [0] (10001,589824) 0 0 18.0
588534 [1,0,1,-384981,-91972448] 1 [0] (832,12383) 0 0 18.0
589754 [1,1,0,-1941326,-1042239436] 1 [0] (1615,5362) 0 0 18.0
592960 [0,0,0,-6324908,-6122509008] 1 [0] (2904,132) 0 0 18.0
593610 [1,0,0,-55425181,-158825936089] 1 [0] (209395/4,94581827/8) 0 0 18.0
594880 [0,-1,0,-1008997825,-12456438863935] 1 [0] (998729/25,414382592/125) 0 0 18.0
596200 [0,0,0,-485675,-272718250] 1 [0] (1495,48400) 0 0 18.0
596773 [1,-1,1,-37511014,-93943485248] 1 [0] (8534,451152) 0 0 18.0
598450 [1,-1,0,-67042,-6664684] 1 [0] (-1343/9,2018/27) 0 0 18.0
599248 [0,1,0,-937,-11357] 1 [0] (-18,1) 0 0 18.0
599664 [0,1,0,418065432,-18631153075404] 1 [0] (94436,29377770) 0 0 18.0
599760 [0,0,0,-3649863,340408978] 1 [0] (5978,438354) 0 0 18.0
599872 [0,0,0,-7951564,-8630321040] 1 [0] (9188,833040) 0 0 18.0
600445 [1,-1,1,-78142,-8388064] 1 [0] (9055/9,810094/27) 0 0 18.0
602800 [0,0,0,-768956875,-8207314767750] 1 [0] (3665785/4,7015348725/8) 0 0 18.0
603057 [0,1,1,698213357,6977126156848] 1 [0] (-731651/100,1215331657/1000) 0 0 20.6946866014
603456 [0,-1,0,-4909569,-4185445887] 1 [0] (-1279,128) 0 0 18.0
603632 [0,0,0,818389,-488465830] 1 [0] (1559,67650) 0 0 18.0
604072 [0,0,0,-5551259,2204318998] 1 [0] (889/4,250635/8) 0 0 18.0
605430 [1,-1,1,-46870553,-123497123759] 1 [0] (44207/4,6688555/8) 0 0 18.0
606015 [1,-1,1,-2616540370823,-1629067573052867294] 1 [0] (-3589933141/3844,111290214311/238328) 0 0 25.0
606480 [0,1,0,-15485576,-23460344076] 1 [0] (12126,1253760) 0 0 18.0
607563 [1,-1,0,-7802541,-6116722128] 1 [0] (-8204/9,428546/27) 0 0 18.0
609600 [0,-1,0,-6797633,-6819016863] 1 [0] (-1509,468) 0 0 18.0
609600 [0,-1,0,902367,-554716863] 1 [0] (587,13300) 0 0 18.0
609984 [0,0,0,-3164076,2166299370] 1 [0] (1027,1) 0 0 18.0
610170 [1,1,1,-18254291,16525798409] 1 [0] (5113,235964) 0 0 18.0
610732 [0,-1,0,-2204,-41848] 1 [0] (421/4,7509/8) 0 0 18.0
610946 [1,-1,1,229556,-71620915] 1 [0] (65193/256,6922243/4096) 0 0 18.0
610946 [1,-1,1,-108574,-13742307] 1 [0] (-189,99) 0 0 18.0
613121 [1,-1,0,-111248308,451663440801] 1 [0] (53392/9,491699/27) 0 0 18.0
614449 [1,0,1,-223953,40773999] 1 [0] (273,-133) 0 0 18.0
615225 [0,-1,1,-241252708,1442383095318] 1 [0] (8968,13) 0 0 18.0
616286 [1,1,0,-63495,-6223213] 1 [0] (14747,1783274) 0 0 18.0
618348 [0,1,0,3435267,-2721242673] 1 [0] (5826,463761) 0 0 18.0
622104 [0,-1,0,-3090413944,66127157557084] 1 [0] (32102,1560) 0 0 18.0
622656 [0,0,0,-58132236,-174806300144] 1 [0] (2549597/49,4024560555/343) 0 0 18.0
622790 [1,-1,1,-67948,-1074963053] 1 [0] (2453,115023) 0 0 18.0
623200 [0,-1,0,-32833,-10196463] 1 [0] (1392,51375) 0 0 18.0
623392 [0,-1,0,-29841665,-62630257039] 1 [0] (-28421/9,276848/27) 0 0 18.0
624064 [0,-1,0,-8679337,-9838984959] 1 [0] (37701/4,6907677/8) 0 0 18.0
625128 [0,1,0,-17504824,-25809018208] 1 [0] (-16412/9,193492/27) 0 0 18.0
625392 [0,0,0,-46837296,-123377462928] 1 [0] (59673,14476509) 0 0 18.0
625681 [1,-1,1,-2639552614,52197426172518] 1 [0] (-14831,9392630) 0 0 18.0
625681 [1,-1,1,-164984259,815488849298] 1 [0] (7121,37599) 0 0 18.0
626175 [1,-1,0,-58017042,-170074854009] 1 [0] (19708846/289,86757645909/4913) 0 0 18.0
626990 [1,-1,0,-24849200,-47671627080] 1 [0] (-2877,1554) 0 0 18.0
628286 [1,-1,1,-113929201,468087578021] 1 [0] (8919,397270) 0 0 18.0
628325 [0,1,1,-2868458,1868954829] 1 [0] (3893/4,1835/8) 0 0 18.0
628686 [1,-1,1,-3907955,-2972553389] 1 [0] (-1141,578) 0 0 18.0
629424 [0,0,0,-2379240,-1412555409] 1 [0] (-8015/9,8/27) 0 0 18.0
629442 [1,-1,1,-517407881,-5438754450885] 1 [0] (2856239/4,4821816687/8) 0 0 18.0
629952 [0,1,0,283903,-38786817] 1 [0] (1029,36660) 0 0 18.0
630436 [0,1,0,1838772,5247796] 1 [0] (4499,315218) 0 0 18.0
630630 [1,-1,0,-139434233409,-20048958757943487] 1 [0] (53069953/9,385735449728/27) 0 0 21.3487391126
632025 [1,-1,0,-917966277,-10704594983544] 1 [0] (-17496,23328) 0 0 18.0
632025 [1,-1,0,-951463602,-9881264232369] 1 [0] (376647/4,216569379/8) 0 0 18.0
632025 [1,-1,0,-83861817,-336171796534] 1 [0] (288589/16,127723897/64) 0 0 18.0
634800 [0,1,0,-527946408,9474988939188] 1 [0] (17228,2343750) 0 0 18.0
634800 [0,1,0,-163042208,136844793588] 1 [0] (-4332,872850) 0 0 18.0
634955 [0,-1,1,-99886691,-384213529839] 1 [0] (48789/4,3682735/8) 0 0 18.0
635418 [1,-1,1,-16069835,-24791046731] 1 [0] (87659/4,25396297/8) 0 0 18.0
635905 [1,-1,0,-678299,-214851020] 1 [0] (4176,262042) 0 0 18.0
635909 [1,0,0,-19959260,-34323045317] 1 [0] (-3724713/1444,70769555/54872) 0 0 18.0
636228 [0,0,0,-225855,-41453802] 1 [0] (598,6110) 0 0 18.0
636400 [0,0,0,-6312875,-6105043750] 1 [0] (-1451,32) 0 0 18.0
637008 [0,-1,0,24448,-40820928] 1 [0] (346,2990) 0 0 18.0
638400 [0,1,0,-4438133,-3600204387] 1 [0] (202588/81,22484375/729) 0 0 18.0
638401 [1,-1,1,-438901,7093443086] 1 [0] (-769,83905) 0 0 18.0
638770 [1,1,0,-328273,-72530667] 1 [0] (-2981/9,4477/27) 0 0 18.0
639012 [0,1,0,-77452,-8322412] 1 [0] (1381/4,19935/8) 0 0 18.0
639023 [1,-1,0,-93191,-10926608] 1 [0] (4816/9,252056/27) 0 0 18.0
639065 [1,-1,1,-46682197,-118445987634] 1 [0] (-241815/64,33290239/512) 0 0 18.0
640332 [0,0,0,-4980360,51221176468] 1 [0] (-2343/4,1857955/8) 0 0 18.0
640386 [1,-1,0,-18127194,-29701455724] 1 [0] (-22121/9,33196/27) 0 0 18.0
640695 [1,1,1,-608916591,-5783674941516] 1 [0] (330909,189644045) 0 0 18.9246536663
640695 [1,1,1,-38057346,-90381519282] 1 [0] (7476,203649) 0 0 18.0
641424 [0,-1,0,-1135988,-465646020] 1 [0] (7341/4,481833/8) 0 0 18.0
645978 [1,1,1,-205819,-36024973] 1 [0] (-1049/4,1247/8) 0 0 18.0
647454 [1,0,1,-24227509,-46036129882] 1 [0] (142926/25,5665061/125) 0 0 18.0
649536 [0,-1,0,-917377,-337891295] 1 [0] (6672,538985) 0 0 18.0
652562 [1,-1,0,-2013806,1010232884] 1 [0] (-395,41958) 0 0 18.0
652925 [1,1,0,-110514625,-447310509750] 1 [0] (850590,783992430) 0 0 18.0
655215 [1,1,1,304237255,-1332211302058] 1 [0] (86275/4,31169473/8) 0 0 18.0
655215 [1,1,1,-1274830895,-17513851729978] 1 [0] (-730565/36,3702011/216) 0 0 18.0
655467 [1,1,1,-53684457,-145808945394] 1 [0] (-52333259/11025,55713074621/1157625) 0 0 18.0
655467 [1,1,1,26064028,-541744223722] 1 [0] (428119/4,279951883/8) 0 0 18.0
655467 [1,1,1,-850076862,-9540053754774] 1 [0] (5617627/36,13046337871/216) 0 0 18.0
655578 [1,-1,1,-11873390,-58179840199] 1 [0] (4909,40137) 0 0 18.0
655672 [0,1,0,-85304,-9618128] 1 [0] (487,8036) 0 0 18.0
656915 [0,-1,1,-559697836,5095950778886] 1 [0] (369129/16,135193075/64) 0 0 18.0
657317 [1,1,0,-59641,-5631084] 1 [0] (-81455/576,977621/13824) 0 0 18.0
658890 [1,-1,1,-87188,-19850133] 1 [0] (557,9927) 0 0 18.0
658917 [0,0,1,-50160,-2276397] 1 [0] (-57,630) 0 0 18.0
659776 [0,0,0,-291148,-60467056] 1 [0] (-2804/9,8/27) 0 0 18.0
663296 [0,0,0,-27640,-1768704] 1 [0] (192,48) 0 0 18.0
663663 [1,1,0,11912131,-32862765138] 1 [0] (40571/4,8469289/8) 0 0 18.0
665667 [0,0,1,13110,-406125] 1 [0] (53,661) 0 0 18.0
666400 [0,0,0,-278075,-242415250] 1 [0] (1645,61250) 0 0 18.0
667754 [1,1,0,-236634710,-1401187803208] 1 [0] (6325906/225,12657403276/3375) 0 0 18.0
669680 [0,0,0,219973,117532394] 1 [0] (95,11802) 0 0 18.0
670448 [0,0,0,-143193155,-659525361598] 1 [0] (-4670327/676,3277/17576) 0 0 18.0
670738 [1,1,0,-5567349,-5058453307] 1 [0] (-14151161/10404,752687221/1061208) 0 0 18.0
671086 [1,1,1,-95557,-11409317] 1 [0] (-179,92) 0 0 18.0
672808 [0,0,0,821,28710] 1 [0] (-18,90) 0 0 18.0
677416 [0,0,0,-8158759,8964112410] 1 [0] (527,69360) 0 0 18.0
677846 [1,0,1,56250267,54546062754] 1 [0] (527304/1225,12029308738/42875) 0 0 18.0
678975 [0,1,1,-18749083,-31253958056] 1 [0] (2761469/196,4339968977/2744) 0 0 18.0
681408 [0,0,0,-62807160,-196670993272] 1 [0] (11206,711828) 0 0 18.0
681414 [1,1,1,516282308,-6024030269779] 1 [0] (52525227/169,381310048651/2197) 0 0 18.0
681494 [1,-1,1,-19980811,-34431954389] 1 [0] (1646731/225,1539132226/3375) 0 0 18.0
682011 [1,-1,0,-41634963,90011201350] 1 [0] (-4378,436196) 0 0 18.0
682011 [1,-1,0,-10944468,-12525742445] 1 [0] (34115/4,5703925/8) 0 0 18.0
682011 [0,0,1,1715361,-794926877] 1 [0] (6889/4,682007/8) 0 0 18.0
683997 [1,0,0,-32831867,-72411558252] 1 [0] (39667/4,6038543/8) 0 0 18.0
684464 [0,-1,0,-1921502,-1024561601] 1 [0] (-39199/49,1/343) 0 0 18.0
685113 [1,0,1,-46270,-5839381] 1 [0] (555463/2116,21031163/97336) 0 0 18.0
685113 [1,0,1,-843220,-298099657] 1 [0] (844279/4,774911677/8) 0 0 18.0
685452 [0,1,0,-9272642,31081317429] 1 [0] (59269/9,13651919/27) 0 0 18.0
686440 [0,-1,0,749364,-1429119775] 1 [0] (17164/9,2248091/27) 0 0 18.0
687050 [1,1,0,-27518400,-55473304250] 1 [0] (-3095,9360) 0 0 18.0
687225 [1,0,1,-1055827526,-15032687331427] 1 [0] (225243/4,81386303/8) 0 0 18.0
687401 [1,-1,0,-3703046,-2740917393] 1 [0] (643959/196,388853457/2744) 0 0 18.0
687401 [1,-1,0,54004,-3324821] 1 [0] (150,2777) 0 0 18.0
687408 [0,-1,0,-57230072,-166622956512] 1 [0] (-4197027/961,30/29791) 0 0 18.0
688545 [1,-1,0,-392929695,2998020656326] 1 [0] (48695/4,1043347/8) 0 0 18.0
689689 [1,-1,0,-40461758,99073973805] 1 [0] (60285/16,520785/64) 0 0 18.0
690624 [0,0,0,-8075244,-8620530352] 1 [0] (-1744,12580) 0 0 18.0
690624 [0,0,0,-6129324,-5840719920] 1 [0] (-1430,80) 0 0 18.0
690840 [0,0,0,-777207,-263726134] 1 [0] (1795,64224) 0 0 18.0
690840 [0,0,0,-595587,-390094306] 1 [0] (6770,553052) 0 0 18.0
691152 [0,1,0,-185457224,-972167200908] 1 [0] (-31467/4,5847/8) 0 0 18.0
691920 [0,0,0,31713,-223015426] 1 [0] (1550,59582) 0 0 18.0
692770 [1,-1,1,-7389658,-7730023499] 1 [0] (10421,1017957) 0 0 18.0
694083 [1,0,0,-306540348,-2065784208411] 1 [0] (-2921356/289,24835633/4913) 0 0 18.0
694083 [1,0,0,-37841723,-89602422690] 1 [0] (-287687/81,1294676/729) 0 0 18.0
694083 [1,0,1,-223916,-40801213] 1 [0] (977,25458) 0 0 18.0
694545 [1,0,0,-1427936,-656885865] 1 [0] (1911,58995) 0 0 18.0
695196 [0,0,0,-598941,-178412247] 1 [0] (359329/400,23292017/8000) 0 0 18.0
695800 [0,0,0,-31437175,-71238441750] 1 [0] (172130,71375850) 0 0 18.0
696901 [1,0,1,-107019,-13484157] 1 [0] (-189,95) 0 0 18.0
698896 [0,-1,0,-5465599685,155528481023533] 1 [0] (42684,121) 0 0 19.9454978841
699712 [0,-1,0,-5084781313,-139556210230527] 1 [0] (9101329/81,19393217792/729) 0 0 18.0
699867 [0,0,1,0,-1175821922] 1 [0] (1058,2909) 0 0 18.0
701190 [1,-1,0,-87034299,-312502521115] 1 [0] (-5386,2757) 0 0 18.0
702478 [1,-1,1,-52436011,-146292136389] 1 [0] (10399261/225,33017834714/3375) 0 0 18.5613949744
702678 [1,0,0,-589153,-173515639] 1 [0] (1072,20131) 0 0 18.0
702848 [0,-1,0,-484749,-129413515] 1 [0] (-3593/9,15328/27) 0 0 18.0
704186 [1,1,0,-34337450,77431905236] 1 [0] (3367,-98) 0 0 18.0
704448 [0,0,0,-10602156,-13287295280] 1 [0] (-1878,256) 0 0 18.0
704880 [0,0,0,-187846563,-997725595678] 1 [0] (27719,3884978) 0 0 18.0
705033 [1,-1,1,-949338374,-11258239141740] 1 [0] (10172991/25,32325555024/125) 0 0 18.0
705432 [0,-1,0,-855512,-226916340] 1 [0] (13173/4,1445805/8) 0 0 18.0
708282 [1,-1,1,-114020474,-480362784843] 1 [0] (895775/4,845930079/8) 0 0 18.0
709784 [0,-1,0,1419472,15615644] 1 [0] (601,32946) 0 0 18.0
711490 [1,-1,1,-506863,-254669879] 1 [0] (910751/196,851332509/2744) 0 0 18.0
711490 [1,-1,1,-9866083,-11925467823] 1 [0] (740893/144,464008765/1728) 0 0 18.0
712096 [0,0,0,-1043579,-947688222] 1 [0] (33726,6190740) 0 0 18.0
712768 [0,-1,0,-241767713,-1446842903135] 1 [0] (-45252151/5041,229376/357911) 0 0 18.0
713832 [0,1,0,-1789545,-922025973] 1 [0] (-3091/4,99/8) 0 0 18.0
714672 [0,0,0,-107245431,-427480503210] 1 [0] (11977,78256) 0 0 18.0
714672 [0,0,0,-107244891,-427485023334] 1 [0] (28765,4504276) 0 0 18.0
716906 [1,-1,1,-948227049,11238951147641] 1 [0] (160015/9,-235816/27) 0 0 18.0
717360 [0,1,0,-588948901,-5501486284141] 1 [0] (395518/9,197472401/27) 0 0 18.0
722025 [1,-1,1,-235032980,-1386852925728] 1 [0] (44714,8781105) 0 0 18.0
725595 [1,0,1,-29507608,-67203399319] 1 [0] (92115,27861442) 0 0 18.0
725904 [0,0,0,-266285784,1680804816383] 1 [0] (9349,91854) 0 0 18.0
726687 [1,-1,1,-99239,-12007994] 1 [0] (-182,92) 0 0 18.0
727873 [1,1,0,1468319,-4705420254] 1 [0] (351219/100,207508233/1000) 0 0 18.0
727873 [1,1,0,-2171046,-1173052585] 1 [0] (-66710/81,5813875/729) 0 0 18.0
729190 [1,0,0,-4765341,-4004351225] 1 [0] (252439/100,6116917/1000) 0 0 18.0
731584 [0,0,0,-33836,-217349680] 1 [0] (4220,273480) 0 0 18.0
732615 [1,0,1,-51088704,-140540115233] 1 [0] (-1051847/256,22377029/4096) 0 0 18.0
732736 [0,-1,0,-17967297,-756333018271] 1 [0] (41981/4,3675129/8) 0 0 18.0
733552 [0,1,0,-141119352,-645296983724] 1 [0] (-61730/9,8/27) 0 0 18.0
733552 [0,1,0,6601848,-191094696844] 1 [0] (521110/9,376367048/27) 0 0 18.0
735402 [1,1,1,72357051,469179082515] 1 [0] (8425,1290734) 0 0 18.0
736164 [0,0,0,-20121816,1433197713805] 1 [0] (-6061,1154340) 0 0 18.0
736840 [0,0,0,-200603,-459511338] 1 [0] (51337/36,10025587/216) 0 0 18.0
736840 [0,0,0,-10218923,-12573488122] 1 [0] (19841/4,1939575/8) 0 0 18.0
739385 [1,-1,1,-3943387,3015047714] 1 [0] (1149,-443) 0 0 18.0
739970 [1,1,0,-8550571997,304323704266709] 1 [0] (853909/16,-1260953/64) 0 0 19.9113019057
740080 [0,1,0,-16652080,797051356500] 1 [0] (-7260,731670) 0 0 18.0
741762 [1,-1,1,-168758582,-849493848423] 1 [0] (808809/25,654107613/125) 0 0 18.0
742608 [0,0,0,-557280,-160124688] 1 [0] (-431,1) 0 0 18.0
745290 [1,-1,1,-43601018,-4855032073069] 1 [0] (159615/4,60208871/8) 0 0 18.0
745290 [1,-1,1,-4558567838,-118464029893933] 1 [0] (-45073493/1156,863856973/39304) 0 0 18.5252541146
745920 [0,0,0,-43979052,-180991121456] 1 [0] (4090394/361,6039797760/6859) 0 0 18.0
746064 [0,0,0,-559584,-161118736] 1 [0] (-3887/9,1/27) 0 0 18.0
746112 [0,-1,0,-18814,-987026] 1 [0] (189,1474) 0 0 18.0
749241 [1,-1,0,-4290738,-4063096999] 1 [0] (343931/100,146111149/1000) 0 0 18.0
749241 [1,-1,0,-4511058,-3686658625] 1 [0] (1090369/256,946217593/4096) 0 0 18.0
752419 [0,0,1,-1346434,-600895674] 1 [0] (2388,99002) 0 0 18.0
752584 [0,1,0,-1536528,-733605008] 1 [0] (2484,103840) 0 0 18.0
752725 [0,-1,1,-4920383,4202580543] 1 [0] (1281,0) 0 0 18.0
752950 [1,1,0,-20210575,-34975076625] 1 [0] (-23519/9,79402/27) 0 0 18.0
753885 [1,-1,0,-1105978680,-14156626179875] 1 [0] (2509340/49,2724639485/343) 0 0 18.0
756522 [1,-1,1,-21103754,-37310087653] 1 [0] (24063/4,1824839/8) 0 0 18.0
759600 [0,0,0,-1266375,-548518750] 1 [0] (3850,227250) 0 0 18.0
760046 [1,1,0,-9257405,-10876474819] 1 [0] (6577498/529,16232156789/12167) 0 0 18.0
760046 [1,1,0,-148237245,-694740675523] 1 [0] (106091/4,29861437/8) 0 0 18.0
761256 [0,0,0,-36540291,85017066590] 1 [0] (3526,3690) 0 0 18.0
761520 [0,1,0,-4067496,-1168526220] 1 [0] (27604/9,3330782/27) 0 0 18.0
762818 [1,-1,1,-62697444,-190951609117] 1 [0] (2638379/196,3233039055/2744) 0 0 18.0
762960 [0,-1,0,-97329805,-369554808800] 1 [0] (58845/4,9405385/8) 0 0 18.0
763872 [0,1,0,-254624,49368732] 1 [0] (327,1086) 0 0 18.0
764048 [0,1,0,-5079608,3043326676] 1 [0] (300,39326) 0 0 18.0
764679 [1,1,0,-722738911,7478288852566] 1 [0] (15486,-854) 0 0 18.0
769166 [1,0,1,-1436511,-662741134] 1 [0] (-692,610) 0 0 18.0
770747 [0,1,1,-1941698,-995219357] 1 [0] (1509089/16,1853646503/64) 0 0 18.0
771197 [0,1,1,-86903,-10129853] 1 [0] (1469,55085) 0 0 18.0
771538 [1,-1,0,-75518398,253748790126] 1 [0] (-1091,579199) 0 0 18.0
772048 [0,0,0,-112835,-14588606] 1 [0] (463,5694) 0 0 18.0
772335 [0,0,1,-1263033,546348989] 1 [0] (2617/4,1903/8) 0 0 18.0
773550 [1,-1,0,-353809917,2561640097741] 1 [0] (97741/9,-146599/27) 0 0 18.0
773720 [0,0,0,-59834627,178146377486] 1 [0] (302905/36,112314709/216) 0 0 18.0
775234 [1,-1,0,-14346104,-20350171456] 1 [0] (-1925,12363) 0 0 18.0
777630 [1,1,1,-167216911,523545986039] 1 [0] (255283/4,126186293/8) 0 0 18.0
777936 [0,-1,0,-994949,-381656211] 1 [0] (-5180/9,1/27) 0 0 18.0
778619 [0,1,1,-6507,-208247] 1 [0] (289,4704) 0 0 18.0
778904 [0,1,0,-381089,-90664141] 1 [0] (-355,98) 0 0 18.0
778974 [1,1,0,-81305,-8957211] 1 [0] (-165,87) 0 0 18.0
780206 [1,0,1,-314460171,-2146356630388] 1 [0] (246526657/9216,2580162310769/884736) 0 0 22.2888790747
780766 [1,1,1,-265464753,-1664896600753] 1 [0] (18927,292768) 0 0 18.0
781333 [1,-1,0,3604,-7516685] 1 [0] (4647/4,311695/8) 0 0 18.0
781350 [1,1,0,-225029125,-1299384110375] 1 [0] (85870,24707065) 0 0 18.0
781665 [1,1,1,-710525115,-7241303215740] 1 [0] (-63005/4,1717105/8) 0 0 18.0
782145 [1,-1,0,-16451370,-25531338105] 1 [0] (-8781/4,15657/8) 0 0 18.0
782229 [1,1,1,-273482934,-1738892684724] 1 [0] (25632217,129758639750) 0 0 18.0
782229 [1,1,1,83734976,-84454361368] 1 [0] (66519/4,19377455/8) 0 0 18.0
785027 [1,0,1,-4188247,-3299455221] 1 [0] (22167/4,3010353/8) 0 0 18.0
785175 [1,1,0,19823225,5998972000] 1 [0] (480,124760) 0 0 18.0
785568 [0,-1,0,-29940192,-63046538568] 1 [0] (11631681/841,35913655260/24389) 0 0 18.0
786128 [0,-1,0,-4533352,-3713647248] 1 [0] (3618,165018) 0 0 18.0
786615 [1,1,0,-7080627,-7251139584] 1 [0] (-301013/196,7436591/2744) 0 0 18.0
786615 [1,1,0,-1092,2237331] 1 [0] (3530,207999) 0 0 18.0
786615 [1,1,0,-5769602,-10017664539] 1 [0] (34060/9,3986867/27) 0 0 18.0
786615 [1,1,0,-4196372,3306964269] 1 [0] (12076/9,244091/27) 0 0 18.0
786615 [1,1,0,-113273652,-464072294529] 1 [0] (15958270/1089,36086587223/35937) 0 0 18.0
786771 [1,-1,0,-3983031,-3058632576] 1 [0] (12297033/4096,28366353819/262144) 0 0 18.0
786771 [1,-1,0,-3983076,-3058559973] 1 [0] (42243/4,8471757/8) 0 0 18.0
787152 [0,-1,0,-61524992,563179935168] 1 [0] (2538,650670) 0 0 18.0
788073 [1,1,0,-10173924,-12494769525] 1 [0] (8220750/2209,3404563455/103823) 0 0 18.0
788544 [0,0,0,-66254124,-700096589872] 1 [0] (35594,6483584) 0 0 18.0
788751 [0,0,1,-61101,-5843293] 1 [0] (1369/4,29209/8) 0 0 18.0
788800 [0,0,0,-9908300,-12004538000] 1 [0] (8584,731748) 0 0 18.0
789439 [1,1,1,-5151889,4498737816] 1 [0] (1310,-653) 0 0 18.0
790542 [1,-1,1,-4216226,-3331167645] 1 [0] (8332919/3364,7109525103/195112) 0 0 18.0
791082 [1,-1,0,-34012152,76356787698] 1 [0] (2373,93705) 0 0 18.0
791920 [0,0,0,217573,-31560886] 1 [0] (575,16842) 0 0 18.0
795616 [0,0,0,-6099899,-5798719198] 1 [0] (12974,1448760) 0 0 18.0
795675 [1,1,0,-4036945,-3230646080] 1 [0] (3184,125716) 0 0 18.0
796328 [0,0,0,-480467,-128186162] 1 [0] (-1599/4,169/8) 0 0 18.0
796758 [1,1,0,-1021955790,-12575086553484] 1 [0] (54220,9533986) 0 0 18.0
797632 [0,1,0,-10567,-1973501] 1 [0] (546,12463) 0 0 18.0
798400 [0,1,0,-83208,-9266162] 1 [0] (333,250) 0 0 18.0
799552 [0,1,0,4113693759,34111796426303] 1 [0] (-8081,584288) 0 0 20.0
801975 [1,1,0,-280257900,-1805715091125] 1 [0] (874770,817577115) 0 0 18.0
803011 [1,-1,0,-1273271,-552687220] 1 [0] (3428,186320) 0 0 18.0
803011 [1,-1,0,-57221,-13579706] 1 [0] (37607719/44100,214668496127/9261000) 0 0 18.0
803264 [0,0,0,-68545196,-218430684880] 1 [0] (126041/4,43012995/8) 0 0 18.3635614717
804005 [1,-1,1,2944668,1988105876] 1 [0] (-10119/25,3402056/125) 0 0 18.0
804264 [0,-1,0,-398914944,-3066547821012] 1 [0] (1149529/16,1178572395/64) 0 0 21.6852403471
804264 [0,-1,0,-24888944,-48083074740] 1 [0] (8473469/1225,14263224228/42875) 0 0 18.0
805318 [1,0,0,-97823093,-372383644255] 1 [0] (-5686,6687) 0 0 18.0
806450 [1,1,1,-263515938,-1646299967969] 1 [0] (-9409,20833) 0 0 18.0
806880 [0,-1,0,-16837456,-26110019624] 1 [0] (7353,497576) 0 0 18.0
810045 [1,-1,0,-972054000,11665215030375] 1 [0] (72787/4,292249/8) 0 0 18.3131917711
810806 [1,1,0,-18662966,31024892756] 1 [0] (22444/9,-33658/27) 0 0 18.0
812528 [0,0,0,-5360,-152912] 1 [0] (241,3543) 0 0 18.0
813417 [1,1,1,-160732,-24661396] 1 [0] (1164,36391) 0 0 18.0
814209 [1,1,0,-253860,40909851] 1 [0] (-178,9061) 0 0 18.0
814280 [0,1,0,-949200,-356263072] 1 [0] (40813/36,1101707/216) 0 0 18.0
814576 [0,1,0,-118400,-15720601] 1 [0] (-199,1) 0 0 18.0
815112 [0,0,0,-11960931,-15921925634] 1 [0] (-966423/484,355/10648) 0 0 18.0
815181 [0,-1,1,-14396,-660055] 1 [0] (-1103/16,-31/64) 0 0 18.0
817360 [0,0,0,-36185123,83781214178] 1 [0] (3271,20434) 0 0 18.0
817665 [1,1,0,-973263,-369966168] 1 [0] (-568,292) 0 0 18.0
819180 [0,0,0,-150768,-23263308] 1 [0] (493,4715) 0 0 18.0
822066 [1,0,0,-124856178,537868190370] 1 [0] (-112759/64,444558703/512) 0 0 18.0
824166 [1,-1,0,-23451,-1326043] 1 [0] (-101,118) 0 0 18.0
825240 [0,1,0,-253073776,-1549681590160] 1 [0] (3958879,7876891896) 0 0 19.2287923611
825825 [1,0,0,-3730566188,-87702460438383] 1 [0] (-23838057/676,312610605/17576) 0 0 19.6653887703
825825 [1,0,0,-11752188,-29945307633] 1 [0] (4817,156404) 0 0 18.0
826672 [0,0,0,-7253147891,-237759518587470] 1 [0] (111881,18740480) 0 0 20.0
827517 [0,1,1,-1170383,-487739383] 1 [0] (-9999/16,-17/64) 0 0 18.0
828245 [1,-1,0,-4834880,3997899791] 1 [0] (-1570,88631) 0 0 18.0
829493 [1,-1,0,-21287,-1190108] 1 [0] (-84,44) 0 0 18.0
831315 [1,1,1,-115636,-15158182] 1 [0] (-191,172) 0 0 18.0
831600 [0,0,0,-54585,-4908605] 1 [0] (-1214/9,1/27) 0 0 18.0
832320 [0,0,0,-4650588,-4784986872] 1 [0] (2941,83521) 0 0 18.0
835705 [1,-1,0,-660230,-851529249] 1 [0] (16650,2137299) 0 0 18.0
836594 [1,0,0,-1995232,-1085030264] 1 [0] (3222,159440) 0 0 18.0
838245 [0,1,1,-29500781,-61683304594] 1 [0] (-313619/100,-479/1000) 0 0 18.0
838773 [1,-1,0,-20265,-1105318] 1 [0] (-82,42) 0 0 18.0
839008 [0,0,0,-1619,-24970] 1 [0] (-23,10) 0 0 18.0
839056 [0,-1,0,-1012758072,-12405685491856] 1 [0] (46655186/529,294099301554/12167) 0 0 18.0
839056 [0,-1,0,-52038952,-34685146172304] 1 [0] (51654397/36,371238282001/216) 0 0 18.0
839232 [0,0,0,-1576839,-790749232] 1 [0] (28574081/19600,8194211521/2744000) 0 0 18.0
839814 [1,0,0,-408105864,-3174530918292] 1 [0] (5704164/121,12047263038/1331) 0 0 18.9863003267
841477 [0,-1,1,-30662,-2056377] 1 [0] (-403/4,-3/8) 0 0 18.0
841935 [1,1,0,-91339708,190139652787] 1 [0] (-2657/4,4006811/8) 0 0 18.0
841935 [1,1,0,292863297,1372793342778] 1 [0] (6596458/9,16936826258/27) 0 0 20.4633910004
841935 [1,1,0,-79826418,274483003527] 1 [0] (5154,-2085) 0 0 18.0
842283 [1,-1,1,-13411769,-18901518672] 1 [0] (4472,100431) 0 0 18.0
844036 [0,0,0,-45630649,118640531109] 1 [0] (3900,3) 0 0 18.0
844880 [0,-1,0,-12349020,-16698975620] 1 [0] (38577,7544212) 0 0 18.0
845760 [0,-1,0,-15044481,-22455176319] 1 [0] (-2239,160) 0 0 18.0
849072 [0,-1,0,-1777255104,-28837774880256] 1 [0] (3038578/9,5253239510/27) 0 0 18.0
849357 [1,-1,1,-220685,-39845500] 1 [0] (-270,175) 0 0 18.0
849744 [0,0,0,72144,15706224] 1 [0] (457,12005) 0 0 18.0
852774 [1,1,1,-925404880,-10867501648177] 1 [0] (192064459/484,2651596605655/10648) 0 0 18.0
853440 [0,-1,0,-1365504001,19422170273185] 1 [0] (21336,253) 0 0 18.0
855504 [0,0,0,-6403251,-6232894990] 1 [0] (-1465,1910) 0 0 18.0
856251 [0,0,1,-804357,193246769] 1 [0] (961/4,29787/8) 0 0 18.0
860338 [1,-1,0,-3191978,-2194219500] 1 [0] (185659/36,73794823/216) 0 0 18.0
860416 [0,-1,0,-35853,-2601067] 1 [0] (539,11592) 0 0 18.0
862130 [1,0,1,-516319,-142841858] 1 [0] (-415,208) 0 0 18.0
862182 [1,-1,0,-16557336,-25927729344] 1 [0] (-2349,1179) 0 0 18.0
862784 [0,0,0,-22653836,-41501208336] 1 [0] (57064/9,7131124/27) 0 0 18.0
863298 [1,-1,0,2898298218,-13445034915340] 1 [0] (1166167/196,5486659625/2744) 0 0 18.0
863298 [1,-1,0,-567843252,-5208096326032] 1 [0] (987007,979791586) 0 0 22.0
863504 [0,-1,0,-69716000,224074198384] 1 [0] (4790,3722) 0 0 19.0
865332 [0,0,0,-321309975,2206461249502] 1 [0] (-11266,2096766) 0 0 18.0
866394 [1,-1,0,-2341077,-1378120843] 1 [0] (63073,15804031) 0 0 18.0
867031 [1,0,1,-238855,-44951129] 1 [0] (-1129/4,1145/8) 0 0 18.0
868014 [1,-1,1,-869306,-848582607] 1 [0] (6827,554595) 0 0 18.0
868525 [0,-1,1,-11433,-468497] 1 [0] (131,514) 0 0 18.0
868624 [0,-1,0,-13481768,-14077497616] 1 [0] (-196751/169,13680828/2197) 0 0 18.0
870966 [1,-1,0,-442066656,3577611490176] 1 [0] (12139,-5790) 0 0 18.0
870966 [1,-1,1,3069550,-8097705327] 1 [0] (16161,2056431) 0 0 18.0
872019 [0,0,1,-164133,-25594225] 1 [0] (13355857/1936,48723680967/85184) 0 0 18.0
872176 [0,1,0,-70682837,-228751424509] 1 [0] (-174755/36,6859/216) 0 0 18.0
873740 [0,-1,0,-2629541,456736721] 1 [0] (6253/36,493039/216) 0 0 18.0
875922 [1,1,0,-69115841,221135241333] 1 [0] (119986/25,-299949/125) 0 0 18.0
876168 [0,0,0,-93016515,345293346206] 1 [0] (22273/4,9/8) 0 0 18.0
876408 [0,-1,0,-2338024,-1375230116] 1 [0] (134109/4,49059185/8) 0 0 18.0
877982 [1,1,1,-160699323,-796462181075] 1 [0] (115315/4,34323077/8) 0 0 18.0
880139 [1,-1,0,-925687,-342571482] 1 [0] (1431733/16,1710170695/64) 0 0 18.0
880583 [0,1,1,-365970,105709807] 1 [0] (61/4,80049/8) 0 0 18.0
880596 [0,0,0,-12530568,-17072780236] 1 [0] (21313/4,2077407/8) 0 0 18.0
881573 [0,1,1,-564817,-755620113] 1 [0] (15693,1963503) 0 0 18.0
881600 [0,1,0,-577633,-187431137] 1 [0] (2967,155648) 0 0 18.0
882175 [0,1,1,-18693708,-31271662631] 1 [0] (31357/4,4410871/8) 0 0 18.0
883050 [1,0,1,-7384663751,-244256030818102] 1 [0] (7225313/64,9698424117/512) 0 0 20.8920287086
884120 [0,1,0,-1215985,-555210845] 1 [0] (1653,44206) 0 0 18.0
884547 [0,0,1,0,268320780] 1 [0] (10920,1141244) 0 0 18.0
884835 [1,-1,0,-189064485,262817790426] 1 [0] (1426431/100,677088291/1000) 0 0 18.0
886573 [1,1,1,-212,-12062] 1 [0] (56,366) 0 0 18.0
886977 [0,0,1,-142693914,-656079230300] 1 [0] (55385/4,1206097/8) 0 0 18.0
887255 [0,-1,1,5949795,2866675078] 1 [0] (2504,182917) 0 0 18.0
887255 [0,-1,1,-65030605,-248607122317] 1 [0] (2987037/169,4461173809/2197) 0 0 18.0
888726 [1,1,1,-25279319,-48931628083] 1 [0] (19149,2537794) 0 0 18.0
888968 [0,1,0,-25087996,-48375132032] 1 [0] (1856224/225,1867604032/3375) 0 0 18.0
889350 [1,0,1,16170232724,-1206973338464302] 1 [0] (1427877/16,1966473589/64) 0 0 18.5879177738
889504 [0,-1,0,-2807617,1811606193] 1 [0] (8767/9,6220/27) 0 0 18.0
890624 [0,-1,0,-515181949,-4500621596827] 1 [0] (-6932092/529,41/12167) 0 0 18.0
891898 [1,-1,0,467843,-52155195] 1 [0] (709,24856) 0 0 18.0
892305 [1,-1,0,-4758975,-3994743960] 1 [0] (183319/4,78214875/8) 0 0 18.0
892320 [0,-1,0,1439824,-1164644040] 1 [0] (1309,54418) 0 0 18.0
893040 [0,-1,0,-27000816,7358930880] 1 [0] (-1606,215818) 0 0 18.0
893976 [0,-1,0,583568,-1256415668] 1 [0] (45937/9,9908234/27) 0 0 18.0
893976 [0,-1,0,-14316032,-20844025812] 1 [0] (428101/81,164789576/729) 0 0 18.0
894960 [0,0,0,-381849843,-2872017210958] 1 [0] (111919,36827622) 0 0 18.0
897012 [0,0,0,-7617,-429707] 1 [0] (188,2187) 0 0 18.0
900848 [0,0,0,-63443,-6150510] 1 [0] (-145,10) 0 0 18.0
901440 [0,0,0,-11737488,15477857912] 1 [0] (1969,693) 0 0 18.0
902336 [0,1,0,-310125,66370961] 1 [0] (304,529) 0 0 18.0
902994 [1,0,0,-693499557,-7029443848095] 1 [0] (34302,3072039) 0 0 18.0
902994 [1,1,1,-52769867,-301554734659] 1 [0] (77814067/7569,320985378304/658503) 0 0 18.0
902994 [1,1,1,-66869247,-210354305067] 1 [0] (-43271/9,227612/27) 0 0 18.0
905457 [0,-1,1,-266474153,1674379082036] 1 [0] (9424,171) 0 0 18.0
906048 [0,0,0,-32026764,-69761841424] 1 [0] (10142,805376) 0 0 18.0
907740 [0,0,0,1860867,-3128117427] 1 [0] (1681,68921) 0 0 18.0
909351 [1,-1,0,-3923163,-2989922936] 1 [0] (5204,340190) 0 0 18.0
910938 [1,1,0,-1315495786,-18359068753490] 1 [0] (-20633,24208) 0 0 18.0
911467 [1,1,0,-194418,-40415359] 1 [0] (560,4889) 0 0 18.0
914710 [1,-1,1,-5302678,-4698599669] 1 [0] (43757/16,2173539/64) 0 0 18.0
914850 [1,-1,1,-17640618755,901822276073247] 1 [0] (76679,-36540) 0 0 18.0
916650 [1,-1,0,-17731617,-28734499459] 1 [0] (-2431,1228) 0 0 18.0
919360 [0,0,0,-55233932,-156597400336] 1 [0] (-4130,32768) 0 0 18.0
919360 [0,0,0,-103581452,-405761750576] 1 [0] (51025/4,4723719/8) 0 0 18.0
920205 [1,-1,1,-209633612,-1168161463686] 1 [0] (17504,715977) 0 0 18.0
921050 [1,1,1,-101780338,-395266917219] 1 [0] (-23305/4,25051/8) 0 0 18.0
922082 [1,1,0,1000218845,17504286918413] 1 [0] (-13637,1159421) 0 0 18.0
922082 [1,1,0,-117805580,-900228677144] 1 [0] (3106501/225,1072365179/3375) 0 0 18.0
923109 [1,0,1,-2570406,-1586353925] 1 [0] (166531/9,67444850/27) 0 0 18.0
925360 [0,0,0,-6169067,-5897627574] 1 [0] (2922,32010) 0 0 18.0
925873 [0,0,1,-83606654,-294245193982] 1 [0] (13614,1044397) 0 0 18.0
927563 [1,-1,1,-34629019,-78426070002] 1 [0] (224879629/7056,3300664197755/592704) 0 0 21.4135805655
927563 [1,-1,1,-2161129,-1228789114] 1 [0] (126563,44959199) 0 0 18.0
927730 [1,-1,0,34171,1887845] 1 [0] (59,1997) 0 0 18.0
927810 [1,-1,0,-42418440,-106326897494] 1 [0] (9275,541316) 0 0 18.0
928176 [0,1,0,-332992,-74073292] 1 [0] (2122,93696) 0 0 18.0
928182 [1,0,1,-9748678,-130017418156] 1 [0] (288192/49,42519196/343) 0 0 18.0
928655 [1,-1,0,-34669790,-78564621745] 1 [0] (1234477/144,863811967/1728) 0 0 18.3264094415
928655 [1,-1,0,-138020,-18376149] 1 [0] (-250,801) 0 0 18.0
930225 [0,-1,1,-5684458,-5214635607] 1 [0] (-137619/100,-421/1000) 0 0 18.0
930372 [0,1,0,-5621718,-5132279931] 1 [0] (-34231/25,3/125) 0 0 18.0
931274 [1,1,0,310110,-780133964] 1 [0] (15132,1854982) 0 0 18.0
932127 [1,0,1,-135952,-19305415] 1 [0] (22899/25,3067322/125) 0 0 18.0
932418 [1,-1,1,-7535,-2109239] 1 [0] (635/4,5941/8) 0 0 18.0
934725 [1,1,0,-21896525,-39446730000] 1 [0] (45700,9693450) 0 0 18.0
935150 [1,0,0,-15248638,-22920219608] 1 [0] (-994292/441,10451792/9261) 0 0 18.0
935161 [1,1,1,-159815,-24657494] 1 [0] (1103,33249) 0 0 18.0
936240 [0,1,0,-4741080,-3974995692] 1 [0] (-1257,18) 0 0 18.0
936330 [1,0,1,-94391333,222789058448] 1 [0] (33383/4,989061/8) 0 0 18.0
936855 [1,-1,0,-8993925,-10379536250] 1 [0] (15575/4,918175/8) 0 0 18.0
936855 [1,-1,0,-562230,-162008249] 1 [0] (-430,539) 0 0 18.0
938628 [0,0,0,-74268657,246352213917] 1 [0] (318433/64,2897/512) 0 0 18.0
941488 [0,-1,0,-1627876192,-25279637907712] 1 [0] (-23294,46) 0 0 18.0
942723 [0,0,1,-3765,-319131] 1 [0] (449/4,6557/8) 0 0 18.0
942741 [0,0,1,-352933977,-2551897931387] 1 [0] (137473/4,40724123/8) 0 0 18.0
943874 [1,1,1,-167337,-26416909] 1 [0] (915,23782) 0 0 18.0
943874 [1,1,1,-170227,-25460897] 1 [0] (-3299/16,68123/64) 0 0 18.0
946876 [0,-1,0,-5167461812,142978013716504] 1 [0] (41505,638) 0 0 18.0
949069 [0,1,1,-169790,98140213] 1 [0] (1829/4,86275/8) 0 0 18.0
950309 [1,-1,1,-5087329,-4415067252] 1 [0] (386581/144,59261555/1728) 0 0 18.0
951390 [1,-1,0,-1479714345,-21908245460175] 1 [0] (46695,3264465) 0 0 18.0
953298 [1,-1,0,-53646867,151252712885] 1 [0] (4214,-419) 0 0 18.3
953552 [0,0,0,-312971,71193850] 1 [0] (439,4290) 0 0 18.0
954318 [1,0,0,-356449,-39009667] 1 [0] (6274,491533) 0 0 18.0
956480 [0,-1,0,5758219,-326212669] 1 [0] (334,40425) 0 0 18.0
957249 [1,-1,0,-630423,-192502904] 1 [0] (-1833/4,2155/8) 0 0 18.0
957411 [1,-1,1,-43622186,-110883400288] 1 [0] (277996/25,109626191/125) 0 0 18.0
958170 [1,0,0,-1043936,-410033490] 1 [0] (-2289/4,4005/8) 0 0 18.0
958505 [1,1,0,-19968,-1094413] 1 [0] (1762/9,40457/27) 0 0 18.0
958528 [0,0,0,-164716,-144231504] 1 [0] (5830,443904) 0 0 18.0
958706 [1,0,1,-570453311,-5244235755374] 1 [0] (14434231/225,50198367884/3375) 0 0 18.0
960018 [1,0,1,-222891699,-1280992940702] 1 [0] (661426/25,419308684/125) 0 0 18.0
960144 [0,1,0,-20004,-1095684] 1 [0] (242,2880) 0 0 18.0
961114 [1,-1,1,-3767614,-1079969067] 1 [0] (23011/9,2056205/27) 0 0 18.0
962240 [0,0,0,-12829868,-17688108592] 1 [0] (6937436/361,17929124136/6859) 0 0 18.0
963870 [1,1,1,-355568221,-2584591887997] 1 [0] (415357,267201988) 0 0 18.0
965056 [0,0,0,-36332,-2775728] 1 [0] (666,16384) 0 0 18.0
967090 [1,-1,0,62065,-294899] 1 [0] (61,1897) 0 0 18.0
967475 [0,1,1,7242,702769] 1 [0] (517/4,15621/8) 0 0 18.0
967872 [0,-1,0,-14580252,-21418950042] 1 [0] (127051/25,23622126/125) 0 0 18.0
967872 [0,1,0,-74210241,-949780971969] 1 [0] (5222933/49,11892666708/343) 0 0 18.0
967872 [0,-1,0,-12790697,-26874587415] 1 [0] (7905,604920) 0 0 18.0
968688 [0,0,0,-9361687179,348641676429370] 1 [0] (56037,71680) 0 0 20.0
968876 [0,-1,0,-104973893,-413942327215] 1 [0] (15520,1301895) 0 0 18.0
969744 [0,-1,0,-181144,-29612816] 1 [0] (-246,34) 0 0 18.0
969878 [1,0,0,-862280272,-9745750993926] 1 [0] (-24450789/1444,1184651445/54872) 0 0 18.0
970200 [0,0,0,-1109559675,-29566259658250] 1 [0] (261514,132533388) 0 0 18.0
970200 [0,0,0,-22638297675,-1311033420324250] 1 [0] (2530570/9,3257172100/27) 0 0 19.7751039714
971523 [1,-1,1,-49124984,-86922336000] 1 [0] (-5500,132624) 0 0 18.0
973654 [1,-1,1,-805,-13101] 1 [0] (283/4,3949/8) 0 0 18.0
974169 [1,-1,0,-372152853,-2641500075726] 1 [0] (-12114,304272) 0 0 18.0
974980 [0,1,0,-7144810,-7350720755] 1 [0] (6060013/441,14612037229/9261) 0 0 18.0
975422 [1,1,1,-91122003,-334836079447] 1 [0] (58233,13821370) 0 0 18.0
975897 [1,-1,0,-2927691,-1927396328] 1 [0] (144212,54688754) 0 0 18.0
975897 [1,-1,0,-2938806,-1912015391] 1 [0] (-1000,5603) 0 0 18.0
975897 [1,-1,0,-46843056,-123388512845] 1 [0] (577095/4,437319595/8) 0 0 20.0
976276 [0,0,0,-208544,-36656067] 1 [0] (539,2744) 0 0 18.0
976704 [0,1,0,-2090369,-1163931009] 1 [0] (-7529/9,5120/27) 0 0 18.0
977949 [1,-1,0,122391387,592931839450] 1 [0] (65399/4,21046603/8) 0 0 18.0
978161 [1,0,1,-30545848,-65696972421] 1 [0] (11293,1009044) 0 0 18.0
978650 [1,1,0,-84915,-24208915] 1 [0] (749,17876) 0 0 18.0
979200 [0,0,0,-64245000,-198201400000] 1 [0] (-4631,153) 0 0 18.0
979690 [1,-1,1,-13880983,-30481632269] 1 [0] (89755/9,24357604/27) 0 0 18.0
979690 [1,-1,1,-15840363,-24256290133] 1 [0] (13381,1462844) 0 0 18.0
979765 [1,0,1,-14798254,-21912314373] 1 [0] (1510999/225,1426838288/3375) 0 0 18.0
981310 [1,-1,1,-26168572,-51518474631] 1 [0] (9762943/1156,22405600787/39304) 0 0 18.0
981552 [0,-1,0,-23228925672,1362681210488688] 1 [0] (85796,1124864) 0 0 18.0
981819 [0,0,1,238521,-23076907] 1 [0] (1849/4,109087/8) 0 0 18.0
982288 [0,1,0,-18152424,-30551876812] 1 [0] (23596,3560794) 0 0 18.0
983208 [0,-1,0,-1747952,-888910260] 1 [0] (27805661/13225,104551724916/1520875) 0 0 18.0
985959 [0,0,1,-18960750,-32053925266] 1 [0] (1061272/121,918644863/1331) 0 0 18.0
986374 [1,0,0,6017,-463355] 1 [0] (138,1663) 0 0 18.0
987423 [1,0,0,-5264093,4648279290] 1 [0] (1218,6018) 0 0 18.0
988175 [0,-1,1,-1016208,-511293932] 1 [0] (1292,18187) 0 0 18.0
988992 [0,0,0,-19916364,-34209788560] 1 [0] (-2572,920) 0 0 18.0
989120 [0,0,0,-978668,-372159312] 1 [0] (1176,10164) 0 0 18.0
989200 [0,-1,0,-141458,-14114213] 1 [0] (-199,2473) 0 0 18.0
989632 [0,0,0,-2641964,-1652862160] 1 [0] (-938,80) 0 0 18.0
990143 [1,-1,0,43556287,5021402854] 1 [0] (6834,785140) 0 0 18.0
990825 [0,-1,1,-20977533,-36974100532] 1 [0] (-2644,0) 0 0 18.0
991064 [0,0,0,-79507,-61538418] 1 [0] (1849/4,5547/8) 0 0 18.0
992016 [0,0,0,-6468771,-6565258334] 1 [0] (6225,440896) 0 0 18.0
992064 [0,-1,0,-21301,-1189523] 1 [0] (-84,1) 0 0 18.0
994455 [1,-1,0,47385441,-183516312470] 1 [0] (73271/4,20835007/8) 0 0 18.0
994635 [1,-1,1,-890825558,-10233237880398] 1 [0] (-17290,21618) 0 0 18.0
995075 [0,1,1,-212938,-37891621] 1 [0] (-1067/4,-3/8) 0 0 18.0
998109 [1,-1,0,-440466,-112406581] 1 [0] (830,9243) 0 0 18.0
998720 [0,0,0,-13004168,18049782408] 1 [0] (2078,316) 0 0 18.0
999200 [0,0,0,-208166675,1156018865750] 1 [0] (8305,3950) 0 0 18.0
999248 [0,1,0,11432,-2592956] 1 [0] (120,722) 0 0 18.0
999495 [1,-1,0,53058420,-2656506763449] 1 [0] (249309249/6400,3906783058647/512000) 0 0 20.5702677874
999495 [1,-1,0,-160231545,-780634713600] 1 [0] (3617908,6879698294) 0 0 19.8273762311
