234446 [1,-1,0,-79,289] 1 [1] (91,-906) (-9,19) (-7,25) (-4,25)
501029 [0,1,1,-72,210] 1 [1] (-10,5) (-7,20) (-6,21) (3,5)
545723 [0,0,1,-7,36] 1 [1] (-4,0) (-3,5) (-2,6) (-1,6)
556838 [1,0,1,-35,90] 1 [1] (-6,12) (-5,14) (-3,14) (0,9)
602461 [1,0,0,-202,1089] 1 [1] (-16,25) (-13,46) (-8,51) (0,33)
614066 [1,-1,0,-34,64] 1 [1] (-6,8) (-5,12) (-3,13) (-2,12)
709111 [0,1,1,-534,4578] 1 [1] (272,4478) (-22,78) (-14,97) (-1,71)
723211 [0,1,1,-22,50] 1 [1] (-6,1) (-4,9) (-2,9) (-1,8)
773926 [1,-1,1,-762,8505] 1 [1] (241,-3833) (-25,119) (-23,127) (-15,135)
787882 [1,0,1,-103,462] 1 [1] (-11,22) (-9,30) (-6,32) (-4,30)
797611 [0,1,1,-2,42] 1 [1] (-4,1) (-3,5) (-2,6) (0,6)
798107 [1,0,0,-505,4326] 1 [1] (-26,20) (-23,74) (-2,74) (-1,70)
812011 [0,1,1,-32,72] 1 [1] (-7,1) (-5,11) (-2,11) (0,8)
842596 [0,0,0,-169,841] 1 [1] (-13,29) (-11,37) (-8,41) (-7,41)
887657 [1,0,0,-49,120] 1 [1] (-8,8) (-7,15) (-4,18) (1,8)
918154 [1,1,0,-602,5380] 1 [1] (-27,67) (-24,94) (-21,107) (-4,90)
926584 [0,0,0,-127,610] 1 [1] (-11,26) (-9,32) (-7,34) (-6,34)
927747 [0,0,1,-57,216] 1 [1] (-7,16) (-6,18) (-4,19) (-1,16)
953243 [0,0,1,-67,216] 1 [1] (-8,15) (-7,18) (-4,20) (-2,18)
956087 [0,0,1,-1039,12912] 1 [1] (-37,26) (-36,60) (-26,149) (-16,159)
961433 [0,1,1,-690,6960] 1 [1] (-30,39) (-29,58) (-28,71) (-19,116)
